
 state:  indiana_deep
Feature:
 deck
deck
['8' '4' '6' '7' '5' '1' '3' '9' '2' '0']
Feature:
 yearBuilt
yearBuilt
[1965 1941 1932 1982 1994 1920 1897 1896 1895 1900 1884 1910 1957 1899
 1930 1898 1950 1978 1931 1925 1924 1961 1936 1999 1953 1976 1989 1981
 1992 1985 1987 1934 1984 1990 1995 1969 1928 1988 1955 1993 1929 1958
 1939 1980 2006 1935 1983 1933 2003 1960 1979 1973 1937 1963 1959 1998
 2001 1997 1996 1986 1970 1926 1977 1940 1952 1964 1966 1956 1968 1948
 1923 1921 2000 1991 1938 1919 1946 1945 1947 1962 1949 1954 1974 2005
 2002 1972 2004 1975 1971 2007 1914 1967 1922 1927 1951 1943 1944 1915
 1942 1883 1892 1902 1894 1890 1912 2008 1911 1913 1901 1893 1908 1885
 1838 1904 1880 1870 1916 1905 1891 1906 1917 1878 1887 1879 1873 1860
 1875 1877 1907 1909 1903 1918 1848 1888 1889 1861 1876 1886 1863]
Feature:
 superstructure
superstructure
['7' '5' '6' '4' '8' '3' '9' '1' '2' '0']
Feature:
 substructure
substructure
['6' '7' '5' '4' '8' '9' '2' '3' '1' '0']
Feature:
 averageDailyTraffic
averageDailyTraffic
[4660 5359 2998 ... 1317 1739  779]
Feature:
 avgDailyTruckTraffic
avgDailyTruckTraffic
[10  1 -1 18  5  8 19  4 26 22 13  9  7 12  6 15 20 14 16 11 25 23  0  2
 17  3 46 28 32 37 34 49 35 21 24 30 47 40 50 29 45 90 85]
Feature:
 supNumberIntervention
supNumberIntervention
[0. 1. 2.]
Feature:
 subNumberIntervention
subNumberIntervention
[0. 1. 2. 3.]
Feature:
 deckNumberIntervention
deckNumberIntervention
[0. 1. 3. 2.]
Feature:
 latitude
latitude
[41000000. 39091800. 39114200. ... 41033309. 41070396. 41052773.]
Feature:
 longitude
longitude
[86000000  8452420  8454300 ... 85202499 85292603 85223636]
Feature:
 skew
skew
[ 0 28 18 30 15 20  4 13 10 42 45  5 11  2 22 35 25 23  6 40  8 43 50 49
 24 14 99 26 27  7 60 29 32 39 36 19 12 17 38  9 41 33 21 16 46 55 37 52
 54 65  3 34 51 48 47 56 44 31 53 68 63 58]
Feature:
 numberOfSpansInMainUnit
numberOfSpansInMainUnit
[ 3  1  2  7  4  5 10  6 17  8  9 32 14 15 16 13 36 12 18 28 20 19 11 35]
Feature:
 lengthOfMaximumSpan
lengthOfMaximumSpan
[ 18.   36.5  15.2   6.7  26.8  10.7   7.6   3.4  19.2   4.3   6.4   3.7
  28.    9.1  18.2  17.9  24.2  15.6   6.1   9.3  24.6  12.1  12.6  19.8
   8.8  45.7  12.4  11.4   8.5  21.9  13.1   8.2  23.   15.3  23.1  10.3
  10.9  55.4  21.3  16.4   7.1  14.8   8.9  10.8   9.9   5.6  13.4  25.6
  30.7  31.   35.3  60.3  18.5  10.2   9.7  17.   14.   22.9  10.6   7.3
  24.   13.2  12.5  12.7  17.6  23.4  26.5  12.8  16.3   9.6  10.1   8.6
  16.7   7.8  23.9  11.1  13.9  23.7  13.8   8.    9.8  16.9  11.5  21.6
  22.4  32.2  36.8  12.3  18.6  41.4   7.2   9.2  22.6  18.4  11.   25.9
  27.3  24.3  23.8   7.7  29.5  15.8   6.9  11.3  15.   25.4  13.6  13.7
  11.8  22.8  10.5   7.   21.4   6.8   9.4  33.8   6.5  30.4  51.5  18.1
  26.2  17.8  50.2  14.7  11.6  46.6  25.2  13.3   9.5  19.9  19.   18.3
   6.   18.7   8.3  28.3  26.9  43.2  19.3  41.7  22.5  30.9  16.2  35.
  12.    5.4  22.2  45.    9.   14.6  33.5  33.3  15.9  14.3  14.2  14.1
   7.9  10.4  42.6  25.7  20.1  11.2  29.2  76.4  75.6  60.9  28.9  38.1
  10.   11.9  22.   14.9  17.3  21.8   7.4  18.8  32.  249.9  21.2  13.5
  16.1  35.5  21.5  25.   23.2  18.9  53.3  20.8  20.7  41.2  32.3   5.9
  37.3  11.7  20.2  19.6  21.7   6.6  12.9  17.2  24.5  19.4   8.1  19.5
   7.5  14.4   6.2  61.2  20.3 142.   47.8  51.8  36.2  21.   16.6  39.6
  41.1  15.4  40.2  17.4  29.4  16.8  36.7  34.4  26.    3.   30.5  33.9
  24.8  34.2  28.1  31.9   6.3  15.5  31.3  22.1   8.4 219.4  31.6  47.4
  25.1  20.   25.8  29.7  16.   51.2  28.4  47.3  26.3  34.5  45.1  24.9
  20.4  20.9  47.2  48.3  43.5  37.1  21.1  42.   57.9  34.6  46.3  39.9
  48.   24.7  40.7  30.6  20.5   8.7  23.5   5.   32.7  23.6  29.1   5.1
  15.1   3.6  28.6  32.9  17.1  19.1  56.   25.5  54.8 134.4  27.7  39.5
   4.8  17.5  27.4  69.4  91.4  26.1  15.7  56.6 228.6  14.5  31.8  27.5
  22.7 221.   49.   36.6  19.7  56.9  28.2  66.1  27.1  43.8  12.2  39.2
  48.7  29.8  48.1  29.6 365.7  38.4  38.5  53.6  34.7 251.4  46.1  29.9
  13.   39.1  26.6   4.7  32.4  24.1  38.7  27.2  42.3  33.  221.6   4.2
  50.9  16.5  17.7  96.1  29.   29.3  40.5 243.8 213.3  23.3  27.6  37.7
  30.1  52.8  30.   67.   52.7  37.4  32.6  27.8  24.4  35.4   5.5   2.2
   4.5   4.4   3.9   2.7   5.3  39.3  40.1  53.4  44.1  33.2  37.9  27.
  61.4   5.8  51.6  42.4  44.    4.1  28.5  41.3  90.6  60.6   3.5   3.3
  30.8  43.6   4.6   5.7  40.8  37.   55.1  57.6   4.9  35.6   2.8  34.1
   5.2   0.4   3.1   2.6  52.   60.8  35.9  30.3  44.8  31.2   3.8   2.4
  22.3  53.   44.6  35.2  36.   59.7  26.7  28.8  54.9  56.8  30.2  40.9
  36.3  41.9   2.5  62.9 131.  182.8 170.6  94.4 106.6  82.2  70.1  64.
 103.6  76.2 118.8  73.1 155.4 167.6  97.5 179.8 152.4  79.2 115.8 121.9
  74.6 188.9 164.5 128.  176.7 195.  192.  146.3 137.1 149.3 185.9  88.3
 304.1  56.3  41.   40.6   2.9  61.8  55.   46.   42.9  46.9  54.2  39.
  45.2  50.5  48.6  45.5  51.3  52.4  20.6  54.1  55.7  64.6  39.4  45.4
  45.8]
Feature:
 structureLength
structureLength
[ 47.2 127.4  15.8 ... 101.9 147.2  50.8]
Feature:
 bridgeRoadwayWithCurbToCurb
bridgeRoadwayWithCurbToCurb
[10.1  7.8 13.4  8.8  6.7  6.5  4.5  4.7  4.   4.1  3.7  4.9  4.8  6.1
 12.8 12.4 12.3 15.8 16.2 10.2 12.1 12.5  8.5  7.3 13.2 13.3 13.8  9.9
  9.2  5.3  9.7 11.3 36.   9.4 29.6 20.4 10.6 10.3 13.7 13.5 11.1 12.
 11.8 14.1 16.  13.1 10.5  9.8  9.1 12.2 11.5  9.5  8.9 10.7  9.  14.4
 11.7 10.9 11.9 10.  17.6  9.6 11.4 16.3 19.9 14.2 15.6 20.3 12.7 22.2
  8.7  8.6 17.3 10.8 11.6 18.8 17.   8.3  9.3  8.4 11.  16.4 20.5 20.7
 17.5 21.1 22.9 28.8 18.1 19.1 24.8  7.4 13.6 18.5 15.1 29.9 28.9 21.5
 15.2  7.2  7.9  7.7 25.6 25.9 16.1 21.  27.7 24.9 13.  12.6 19.3 24.4
 28.6 22.5 21.9  7.1  8.2  6.   5.4  6.3  8.   6.2 15.5 20.8 10.4 16.7
 21.6 17.4 33.3 25.4 12.9 11.2 14.6 18.2 20.1  8.1  7.6 20.6 29.8 14.5
 15.9 26.5 28.2 24.5 19.2 22.4 16.9 33.8 18.6 18.7 20.  25.2 13.9 15.3
  3.2 28.  16.5 24.3 19.  18.3  7.  21.3  5.9  7.5  5.5 17.2 20.2 19.5
 27.4 14.7 14.  26.1  5.8 23.9 22.3 20.9 24.2 17.9  4.4  4.3  4.6  6.9
  5.6  5.7  5.   6.6 17.1 18.  32.  26.7 36.3 27.  25.3 15.7 19.6 38.7
 31.9 23.8 32.4 19.7  6.4  5.2  6.8 16.8 14.8 23.2 39.6 32.1 28.5 21.8
 15.4 14.9 19.8 23.4  3.3 17.7  4.2  3.9  3.8  2.8  3.6  3.   3.5 23.6
  5.1 25.   3.4 22.8 14.3 19.4 30.7 15.  22.  24.6 22.1 18.4 25.8  3.1
 25.1 23.1 16.6 23. ]
Feature:
 operatingRating
operatingRating
[57.2 37.8 40.5 50.4 49.5 54.9 57.6 21.6 10.8  9.9 29.7 31.5  8.1 60.3
  5.4 13.5 78.3 44.1 66.6 63.  56.7 58.5 46.8 63.9 62.1 35.1 65.7 55.8
  0.  79.2 68.4 59.4 80.1 41.4 45.  54.  47.7 77.4 61.2 38.7 88.2 73.8
 64.8 51.3 71.1 53.1 81.9 72.  52.2 33.3 30.6 43.2 48.6 67.5 82.8 45.9
 36.9 86.4 70.2 85.5 69.3 39.6 74.7 87.3 72.9 83.7 76.5 81.  89.1 36.
 75.6 34.2 42.3 23.4 25.2 28.8 32.4 27.9 84.6 27.  24.3 27.7 22.5 16.2
 19.8 20.7 17.1 14.4 26.1  6.3 11.7  4.5 18.9 18.   2.7  3.6  9.   7.2
 15.3 12.6 72.3 46.4 25.8 25.  25.7 58.7 58.1 72.6  6.7 39.1 40.3 37.1
 62.7 55.9 99.9 92.3 99.1 68.1 83.2 87.8]
Feature:
 scourCriticalBridges
scourCriticalBridges
['8' '2' '6' '4' '7' '5' '3' '9' '1']
Feature:
 lanesOnStructure
lanesOnStructure
[ 2  1  4  3  5  6  7 30]

 Optimal number of cluster (Elbow Coefficient):  3

 Centroids:  [[ 6.93889390e-17  2.18984790e-02  1.07552856e-15]
 [ 5.16382253e-01  1.62229807e-01  2.37087600e-01]
 [-1.31838984e-16  5.28735632e-02  3.41954023e-01]]

 Number of members in cluster: Counter({0: 10914, 1: 1465, 2: 1160})

ANOVA: 
                 Attribute      sum_sq  ...             F        p-value
0   supNumberIntervention  206.896552  ...  37253.571429   0.000000e+00
1   subNumberIntervention   12.677075  ...    350.751627  1.736961e-139
2  deckNumberIntervention   71.635824  ...   3277.942107   0.000000e+00

[3 rows x 5 columns]

Tukey's : 

Multiple Comparison of Means - Tukey HSD, FWER=0.05
===================================================
group1 group2 meandiff p-adj  lower   upper  reject
---------------------------------------------------
     0      1   0.5172 0.001  0.5121  0.5224   True
     0      2      0.0   0.9 -0.0051  0.0051  False
     1      2  -0.5172 0.001 -0.5224 -0.5121   True
---------------------------------------------------


Multiple Comparison of Means - Tukey HSD, FWER=0.05
==================================================
group1 group2 meandiff p-adj  lower  upper  reject
--------------------------------------------------
     0      1   0.1405 0.001  0.1274 0.1536   True
     0      2   0.0305 0.001  0.0174 0.0435   True
     1      2  -0.1101 0.001 -0.1231 -0.097   True
--------------------------------------------------


Multiple Comparison of Means - Tukey HSD, FWER=0.05
=================================================
group1 group2 meandiff p-adj lower  upper  reject
-------------------------------------------------
     0      1   0.2394 0.001 0.2292 0.2495   True
     0      2   0.3425 0.001 0.3324 0.3527   True
     1      2   0.1032 0.001  0.093 0.1133   True
-------------------------------------------------


Cluster:  0
Mean Median Maximums Minimums StdDev  
=====================================
0.00 0.00   0.00     0.00     0.00
0.02 0.00   1.00     0.00     0.02
0.00 0.00   0.00     0.00     0.00


Cluster:  2
Mean Median Maximums Minimums StdDev  
=====================================
0.00 0.00   0.00     0.00     0.00
0.05 0.00   0.67     0.00     0.05
0.34 0.33   1.00     0.33     0.34


Cluster:  1
Mean Median Maximums Minimums StdDev  
=====================================
0.52 0.50   1.00     0.50     0.52
0.16 0.00   0.67     0.00     0.16
0.24 0.33   1.00     0.00     0.24


printing columns of X

deck
yearBuilt
superstructure
substructure
averageDailyTraffic
avgDailyTruckTraffic
material
designLoad
snowfall
freezethaw
latitude
longitude
skew
numberOfSpansInMainUnit
lengthOfMaximumSpan
structureLength
bridgeRoadwayWithCurbToCurb
operatingRating
scourCriticalBridges
lanesOnStructure
toll
designatedInspectionFrequency
deckStructureType
typeOfDesign

 Oversampling (SMOTE) ...

 Distribution of the clusters after oversampling:  Counter({0: 10914, 2: 10914, 1: 10914})


            -------------- Performance of Entropy ---------------
            


 Best Kappa Values:  0.7622331547469978

 Best Accuracy:  0.8306457882045718

 Best Depth:  26

 Classification Report: 
               precision    recall  f1-score   support

           0       0.85      0.81      0.83      2207
           1       0.81      0.83      0.82      2120
           2       0.84      0.85      0.84      2221

    accuracy                           0.83      6548
   macro avg       0.83      0.83      0.83      6548
weighted avg       0.83      0.83      0.83      6548


 Confusion Matrix: 
 [[1798  214  195]
 [ 183 1758  179]
 [ 138  188 1895]]

 Feature Importance: 
 {'snowfall': 0.0, 'designatedInspectionFrequency': 0.0, 'toll': 0.0002335146256653681, 'freezethaw': 0.0002536031062926356, 'lanesOnStructure': 0.0060518316909025, 'deckStructureType': 0.009320252440170713, 'designLoad': 0.014612486271646699, 'numberOfSpansInMainUnit': 0.01846339929488442, 'typeOfDesign': 0.02083751161161543, 'material': 0.02097235675540897, 'scourCriticalBridges': 0.02409853480077046, 'substructure': 0.02560776969891772, 'skew': 0.0330892289505298, 'bridgeRoadwayWithCurbToCurb': 0.034584356792928594, 'lengthOfMaximumSpan': 0.03755500337149556, 'structureLength': 0.04145651189688728, 'averageDailyTraffic': 0.0458210443926195, 'operatingRating': 0.048412555394332306, 'yearBuilt': 0.051671544837953415, 'avgDailyTruckTraffic': 0.0578299066990949, 'latitude': 0.06214070880094838, 'longitude': 0.0644215774295501, 'deck': 0.17904308263069174, 'superstructure': 0.20352321850669353}


             ----------- Performance with GiniIndex ------------
             


 Best Kappa Values:  0.756699075122213

 Best Accuracy:  0.8273472342744368

 Best Depth:  25

 Classification Report: 
               precision    recall  f1-score   support

           0       0.85      0.80      0.82      2207
           1       0.79      0.84      0.82      2120
           2       0.84      0.85      0.84      2221

    accuracy                           0.83      6548
   macro avg       0.83      0.83      0.83      6548
weighted avg       0.83      0.83      0.83      6548


 Confusion Matrix: 
 [[1762  253  192]
 [ 170 1775  175]
 [ 139  205 1877]]

 Feature Importance: 
 {'snowfall': 0.0, 'designatedInspectionFrequency': 0.0, 'toll': 0.0002335146256653681, 'freezethaw': 0.0002536031062926356, 'lanesOnStructure': 0.0060518316909025, 'deckStructureType': 0.009320252440170713, 'designLoad': 0.014612486271646699, 'numberOfSpansInMainUnit': 0.01846339929488442, 'typeOfDesign': 0.02083751161161543, 'material': 0.02097235675540897, 'scourCriticalBridges': 0.02409853480077046, 'substructure': 0.02560776969891772, 'skew': 0.0330892289505298, 'bridgeRoadwayWithCurbToCurb': 0.034584356792928594, 'lengthOfMaximumSpan': 0.03755500337149556, 'structureLength': 0.04145651189688728, 'averageDailyTraffic': 0.0458210443926195, 'operatingRating': 0.048412555394332306, 'yearBuilt': 0.051671544837953415, 'avgDailyTruckTraffic': 0.0578299066990949, 'latitude': 0.06214070880094838, 'longitude': 0.0644215774295501, 'deck': 0.17904308263069174, 'superstructure': 0.20352321850669353}

 Saving decision trees 


 Plotting decision trees 

