
 state:  wisconsin_deep
Feature:
 deck
deck
['4' '6' '5' '7' '8' '9' '3' '0' '1']
Feature:
 yearBuilt
yearBuilt
[1932 1948 1979 1977 1980 1984 1999 1996 1981 2000 2003 2004 1985 2005
 1967 1960 1951 1993 1976 1994   -1 1982 1997 1991 1973 1975 1953 1988
 1954 1956 2001 1952 1990 1969 1955 1937 1959 1950 1949 1958 1963 1957
 1968 2002 2006 1986 1989 1939 1961 1964 1971 1978 1987 1992 1998 1938
 1926 1919 1972 1983 2007 2008 1928 1966 1995 1940 1962 1970 1965 1942
 1934 1929 1974 1936 1933 1927 1935 1922 1941 1917 1913 1920 1947 1925
 1931 1923 1921 1930 1912 1924 1918 1945 1946 1916 1944 1915 1943 1914
 1910 1908 1900 1890 1911 1894 1898 1901 1907]
Feature:
 superstructure
superstructure
['6' '4' '7' '5' '8' '9' '3' '2' '0' '1']
Feature:
 substructure
substructure
['5' '7' '8' '6' '4' '9' '3' '2' '0' '1']
Feature:
 averageDailyTraffic
averageDailyTraffic
[  50  100  150 ... 5917 4281  199]
Feature:
 avgDailyTruckTraffic
avgDailyTruckTraffic
[25 15 20 10 30  5 50 -1  4  6  0  9  8 11 12  7 17  3  2 13 16  1 22 14
 19 23 18 47 26 37 27 40 24 31 75]
Feature:
 supNumberIntervention
supNumberIntervention
[0. 1. 2. 3.]
Feature:
 subNumberIntervention
subNumberIntervention
[0. 1. 2.]
Feature:
 deckNumberIntervention
deckNumberIntervention
[0. 1. 2.]
Feature:
 latitude
latitude
[45585400 44543000 44563600 ... 44561134 45001821 44541440]
Feature:
 longitude
longitude
[89560600 88544200 88554200 ... 88391272 88371268 88340912]
Feature:
 skew
skew
[ 0 30 10 45 12  5 15 20  4  6 40 25 22  7 17 24 11 18 14 35 13  8 19 26
 16 23 29 27 21 34 33 48 38  9 28  2 44 53 39 55 32 52  3 42 36 41 78  1
 50 37 46 58 56 60 90 54 47 51 57 68 43 31]
Feature:
 numberOfSpansInMainUnit
numberOfSpansInMainUnit
[ 2  1  3  7  5  4  9  6 18  8 10 11 12 33  0 13 14 20 16 26 41]
Feature:
 lengthOfMaximumSpan
lengthOfMaximumSpan
[  5.5   6.1  20.4   7.6   9.1   8.8  19.5  13.4  15.2  16.5  11.   21.3
  14.   13.7  11.6   9.4   8.2  12.8  12.2  25.6  10.1  17.3  14.8   4.
   7.9   6.4  10.9  23.1   8.5  17.9   5.7  10.6  15.8  23.7   7.3  18.8
   5.1  13.1  14.6   6.7   4.5   7.   11.8  21.9  19.8  11.2  12.1  17.
  24.7  26.2  14.3  10.4  34.    9.8   9.3  30.   12.   12.6  18.6  26.8
   5.9  10.7  10.2  15.4  17.8  22.3  26.4   8.7  18.9  31.7   9.9   9.7
  23.2  20.1  14.5  11.5  21.5  18.3  18.   39.6  40.7  22.6  16.8  45.1
  26.7  23.5  36.3  38.4  31.1  20.7  24.4  26.5  32.   27.4  28.6  13.6
  27.1  25.8  16.   19.2  12.5  13.8  10.5  15.   22.   10.   13.   18.7
  16.2  14.2  11.9  17.7  30.2  11.3  22.4   9.6  17.1  20.8  15.5  31.
  30.5   9.2  12.3  21.   21.6  27.6  19.4  13.3  23.4  29.3  50.6  31.4
  67.1  35.4 137.2  25.   35.5  34.7  29.7  21.8  31.2  25.3  25.9  48.8
  23.9  35.7  34.4   8.   20.   52.   17.5  21.1  19.   44.2  28.7  24.5
  28.8  22.9  36.6  20.6  15.6  17.4  25.5  29.4   6.9  15.1 143.3  23.3
  33.5  13.5  16.7   7.5  22.2  19.9  18.4  18.2   7.8  39.   32.6  28.
   7.4   8.4  24.8  23.6  42.1  14.9  23.8 147.8  37.3  39.9  30.8  16.6
  11.1  65.5  31.5  51.8  19.3  48.6  60.   20.5  57.   10.3  40.5  42.7
  15.3  45.7  73.5  16.1  37.8  19.6  24.1  24.9  25.1  35.1  16.9   9.
   7.7   6.6  33.4  27.7  29.   18.1  40.2  19.7  39.2  38.1  74.4  50.
  43.6  74.7   9.5  34.1 199.  140.8 106.7  27.2  20.3  26.6  11.4  15.7
   8.1  43.4  12.9   4.1  14.4  24.    8.9   7.2  40.4  11.7   6.2  41.1
  29.6  29.9  32.9  32.3   8.3  13.9  34.6  49.   69.6  36.4  28.3  93.9
  49.2  50.4 182.9  76.2  46.9  61.9  62.2  62.8 152.4  62.5  57.9  17.2
  29.8  41.5  29.1  56.7  54.3  33.2   0.   56.4  27.9  70.4  54.9  46.
  47.9  47.   44.7  82.3  36.7  50.3  43.9  50.1  27.5  31.9  27.   35.6
  16.3  10.8  12.4   7.1  22.7 204.2  26.   30.1   5.2  18.5  38.5  32.5
  39.3  14.1   3.4  20.2  64.6  14.7  36.   47.2  24.2  41.8  31.3  28.4
  36.9  37.   26.3  32.2  52.1  25.2  19.1  20.9  26.1  21.7  30.7  33.1
  48.2  29.2  76.8 144.8   5.6  28.2   8.6  38.7  49.1  23.   37.6  29.5
  35.2  26.9  52.4  46.3  28.1  12.7  42.6  49.7  46.6  39.7  40.   34.5
   4.6  32.1  34.2  24.3  37.2   3.   22.1  15.9  22.8  61.6  58.8  68.
  21.2   3.9  40.8  21.4  37.7  34.9  39.8  36.8  37.1  30.9  30.3  17.6
  38.   55.5  49.4   3.7  58.5  44.3 131.7  62.6   3.8  41.   44.   16.4
  33.6  51.2  33.8  38.9  48.   32.4  24.6  50.9   6.5 118.9  27.8  38.2
   5.3   5.8  35.9  43.8  53.6   6.   53.5  40.9  22.5   6.8  37.5  27.3
  33.   84.   37.9  43.   32.8  68.6   4.7   6.3   3.2  13.2   3.1   5.4
   4.9  31.8   4.3  39.5   4.4   5. ]
Feature:
 structureLength
structureLength
[11.3  6.4 40.5 ... 63.6 65.  87.6]
Feature:
 bridgeRoadwayWithCurbToCurb
bridgeRoadwayWithCurbToCurb
[ 7.5  7.   9.1  8.6  8.5  7.3  7.2  9.4  9.8  9.9  4.8  6.2  4.6  6.1
  8.1  7.1  6.7  5.   4.5  4.1  4.2  4.3  7.4  7.9  4.4  4.   3.9  0.
  8.8 10.4 11.6 10.5  9.  12.2 13.4 11.  10.9 15.8 15.5 13.6 15.2 11.1
 16.5  7.8 11.3 10.1 21.9 10.8  9.2 12.5 14.5 36.  13.3 25.1 18.3 28.8
 17.1 10.2 21.3 24.4  8.2 12.3 14.6 15.  16.6  8.4 17.7 11.7 13.1 10.7
  5.8 11.8 16.8 13.2 14.  12.8 12.  13.5  9.7 10.3 16.2  7.6 11.9  6.
 10.  17.4 12.9 20.7 15.6 22.2  6.4 11.4  8.3 12.4 22.6  8.   8.7  9.3
 14.4 23.2 31.4 35.5 20.9  6.8 16.  18.  24.7  5.5 12.6  9.6 17.5 11.5
 12.7 13.7 13.  13.8 11.2 14.9  9.5 12.1 15.7  5.4 15.1  8.9 28.9 14.7
 20.1 14.8  7.7 17.8 20.  20.3  6.6 17.6 23.6 18.1 21.6 18.4 19.1 29.3
 17.9 15.9 18.5 22.9 18.7 16.1 14.3 34.7 25.  18.9 25.6 19.8 29.9 19.5
 23.8 33.5  5.6 14.1 10.6 23.1 20.8 42.7 18.6 26.  26.2  6.9 18.8 21.
  3.8  5.3  5.9  6.5 13.9  6.3  5.2  4.9  5.7  5.1  4.7  3.7  3.5 17. ]
Feature:
 operatingRating
operatingRating
[26.3 34.2 30.8 40.  47.2 30.9 70.3 53.5 59.  57.2 57.7 63.7 28.1 32.6
 43.6 58.1 78.4 41.9 37.4 62.1 32.4 49.5 20.7 19.8 42.3 48.6 80.1 36.
 45.  89.1 54.  46.8 26.1 41.4 51.3 56.7  9.  37.8 53.1 35.1 57.6 30.6
 40.5 54.9 81.  -1.  71.1 27.9 72.  67.5 11.7 43.2 66.6 76.5 44.1 55.8
 45.9 50.4 29.7 38.9 71.3 64.8 59.9 58.3 51.8 55.1 49.9 35.6 43.7 47.
 59.5 63.  69.7 63.2 37.3 42.1 68.  66.4 99.9 84.2 61.6 50.2 77.8 55.7
 86.3 79.4 85.9 97.2 76.1 72.9 45.4 61.2 73.9 71.9 68.4 75.7 70.1 82.6
 74.5 34.  29.2 27.5 87.5 53.9 90.7 94.  95.6 50.9 79.2 24.3 77.4 82.8
 52.2 16.1 92.3 84.6 16.2 75.  19.4 25.9 14.3 59.3 14.8 40.8 96.2 43.3
 52.5  2.   8.1 17.8 72.6 61.7 53.6  0.  75.5 47.5 98.8 13.9 99.  54.8
 47.1 46.7 58.8 25.3 21.1 37.7 22.7 39.5 60.4 51.5 16.  90.1 93.6 41.5
 33.5 55.2 58.5 72.3 73.1 91.9 29.3  9.1 67.1 12.6 21.6  4.9 72.7 14.6
 29.6  9.7 11.3 47.3 13.  80.   6.5]
Feature:
 scourCriticalBridges
scourCriticalBridges
['6' '7' '8' '5' '3' '4' '9' '2']
Feature:
 lanesOnStructure
lanesOnStructure
[ 2  1 -1  4  3  6  5  8  9]

 Optimal number of cluster (Elbow Coefficient):  3

 Centroids:  [[6.86740623e-03 4.16333634e-17 5.20417043e-16]
 [1.01143360e-01 1.45118734e-02 5.19788918e-01]
 [9.44123314e-02 5.14450867e-01 1.61849711e-01]]

 Number of members in cluster: Counter({0: 6941, 1: 379, 2: 346})

ANOVA: 
                 Attribute     sum_sq   df            F        p-value
0   supNumberIntervention   2.155641  2.0    57.902540   1.456179e-24
1   subNumberIntervention  58.228805  2.0  5929.849993   0.000000e+00
2  deckNumberIntervention  48.793834  2.0  1068.327219  2.071079e-252

Tukey's : 

Multiple Comparison of Means - Tukey HSD, FWER=0.05
===================================================
group1 group2 meandiff p-adj   lower  upper  reject
---------------------------------------------------
     0      1   0.1031  0.001  0.0787 0.1274   True
     0      2   0.0886  0.001  0.0643  0.113   True
     1      2  -0.0145 0.3456 -0.0388 0.0099  False
---------------------------------------------------


Multiple Comparison of Means - Tukey HSD, FWER=0.05
==================================================
group1 group2 meandiff p-adj  lower  upper  reject
--------------------------------------------------
     0      1   0.0188 0.0013 0.0063 0.0313   True
     0      2   0.5116  0.001 0.4991 0.5241   True
     1      2   0.4928  0.001 0.4803 0.5053   True
--------------------------------------------------


Multiple Comparison of Means - Tukey HSD, FWER=0.05
===================================================
group1 group2 meandiff p-adj  lower   upper  reject
---------------------------------------------------
     0      1   0.5202 0.001  0.4933  0.5472   True
     0      2   0.1676 0.001  0.1407  0.1946   True
     1      2  -0.3526 0.001 -0.3796 -0.3256   True
---------------------------------------------------


Cluster:  0
Mean Median Maximums Minimums StdDev  
=====================================
0.01 0.00   1.00     0.00     0.01
0.00 0.00   0.00     0.00     0.00
0.00 0.00   0.00     0.00     0.00


Cluster:  1
Mean Median Maximums Minimums StdDev  
=====================================
0.10 0.00   0.67     0.00     0.10
0.01 0.00   0.50     0.00     0.01
0.52 0.50   1.00     0.50     0.52


Cluster:  2
Mean Median Maximums Minimums StdDev  
=====================================
0.09 0.00   0.67     0.00     0.09
0.51 0.50   1.00     0.50     0.51
0.16 0.00   1.00     0.00     0.16


printing columns of X

deck
yearBuilt
superstructure
substructure
averageDailyTraffic
avgDailyTruckTraffic
material
designLoad
snowfall
freezethaw
latitude
longitude
skew
numberOfSpansInMainUnit
lengthOfMaximumSpan
structureLength
bridgeRoadwayWithCurbToCurb
operatingRating
scourCriticalBridges
lanesOnStructure
toll
designatedInspectionFrequency
deckStructureType
typeOfDesign

 Oversampling (SMOTE) ...

 Distribution of the clusters after oversampling:  Counter({0: 6941, 1: 6941, 2: 6941})


            -------------- Performance of Entropy ---------------
            


 Best Kappa Values:  0.8569996188417017

 Best Accuracy:  0.9102913096074164

 Best Depth:  21

 Classification Report: 
               precision    recall  f1-score   support

           0       0.91      0.90      0.90      1408
           1       0.90      0.90      0.90      1371
           2       0.90      0.91      0.91      1385

    accuracy                           0.90      4164
   macro avg       0.90      0.90      0.90      4164
weighted avg       0.90      0.90      0.90      4164


 Confusion Matrix: 
 [[1261   66   81]
 [  65 1239   67]
 [  53   65 1267]]

 Feature Importance: 
 {'snowfall': 0.0, 'freezethaw': 0.0, 'toll': 0.0, 'designatedInspectionFrequency': 0.00403806125396542, 'deckStructureType': 0.007149340797915014, 'designLoad': 0.010289249540623411, 'typeOfDesign': 0.011182125005218644, 'lanesOnStructure': 0.013560275126003045, 'scourCriticalBridges': 0.017546097721099038, 'material': 0.02214806709251652, 'numberOfSpansInMainUnit': 0.02498487379812089, 'avgDailyTruckTraffic': 0.0250408466289497, 'longitude': 0.02800595794328787, 'skew': 0.031534043873537136, 'bridgeRoadwayWithCurbToCurb': 0.031681809297683404, 'latitude': 0.03188928307946735, 'structureLength': 0.03478608163073804, 'operatingRating': 0.03685607040314664, 'averageDailyTraffic': 0.040860722759974766, 'superstructure': 0.04141031736524241, 'lengthOfMaximumSpan': 0.042803886533946546, 'yearBuilt': 0.049617694647695366, 'deck': 0.20794961921738764, 'substructure': 0.2866655762834812}


             ----------- Performance with GiniIndex ------------
             


 Best Kappa Values:  0.8480616657409625

 Best Accuracy:  0.9036160631399535

 Best Depth:  30

 Classification Report: 
               precision    recall  f1-score   support

           0       0.92      0.86      0.89      1408
           1       0.89      0.92      0.90      1371
           2       0.89      0.92      0.91      1385

    accuracy                           0.90      4164
   macro avg       0.90      0.90      0.90      4164
weighted avg       0.90      0.90      0.90      4164


 Confusion Matrix: 
 [[1215   98   95]
 [  55 1255   61]
 [  48   57 1280]]

 Feature Importance: 
 {'snowfall': 0.0, 'freezethaw': 0.0, 'toll': 0.0, 'designatedInspectionFrequency': 0.00403806125396542, 'deckStructureType': 0.007149340797915014, 'designLoad': 0.010289249540623411, 'typeOfDesign': 0.011182125005218644, 'lanesOnStructure': 0.013560275126003045, 'scourCriticalBridges': 0.017546097721099038, 'material': 0.02214806709251652, 'numberOfSpansInMainUnit': 0.02498487379812089, 'avgDailyTruckTraffic': 0.0250408466289497, 'longitude': 0.02800595794328787, 'skew': 0.031534043873537136, 'bridgeRoadwayWithCurbToCurb': 0.031681809297683404, 'latitude': 0.03188928307946735, 'structureLength': 0.03478608163073804, 'operatingRating': 0.03685607040314664, 'averageDailyTraffic': 0.040860722759974766, 'superstructure': 0.04141031736524241, 'lengthOfMaximumSpan': 0.042803886533946546, 'yearBuilt': 0.049617694647695366, 'deck': 0.20794961921738764, 'substructure': 0.2866655762834812}

 Saving decision trees 


 Plotting decision trees 

