
 state:  illinois_deep
Feature:
 deck
deck
['7' '5' '4' '6' '8' '9' '3' '0' '2' '1']
Feature:
 yearBuilt
yearBuilt
[1896 1906 1981 1924 1925 1971 1968 1959 1931 1932 1941 1930 1928 1933
 1936 1921 1979 1977 1980 1982 1986 1987 1990 1991 1994 1996 1999 1995
 2003 1964 1954 1916 1948 1938 1967 1965 1939 1905 1969 1915 1922 1918
 1923 1957 1935 1963 1975 1900 1899 1902 1978 1898 1970 1972 1983 1984
 1974 1985 1988 1989 1992 2000 2001 2002 2004 1993 2005 1997 1998 2007
 2006 2008 1917 1966 1929 1937 1973 1958 1962 1961 1944 1960 1934 1920
 1951 1927 1956 1976 1901 1908 1955 1945 1950 1949 1863 1943 1952 1940
 1910 1953 1909 1904 1926 1886 1947 1942 1914 1919 1893 1883 1911   -1
 1946 1903 1913 1891 1895 1907 1890 1873 1884 2009 1912 1885 1880 1874
 1897 1894]
Feature:
 superstructure
superstructure
['6' '5' '7' '9' '3' '8' '4' '0' '2' '1']
Feature:
 substructure
substructure
['5' '6' '7' '8' '2' '4' '9' '0' '3' '1']
Feature:
 averageDailyTraffic
averageDailyTraffic
[ 18000   8900   9550    600    650   4400   4500   5000   4550   4450
   4100   3900   3100    800   3800   7000  12800     25   2600   2650
   3400   1000   9000   1200    850   2450   2800   3050   2300   2100
   5300   8700    150   4900    275    550   1150    750    400    500
    250     50     75    100     10    125    200    325    225    175
    950    300    375    450    350     29   1650   2700   7200   2550
   5900   3700   6200  10400   4050   2950   2500  10200   1300    900
   1950  11800   1400   1050   1350  10300  10650   1550   1750   6300
   3350   2150    700      4   1250  14100   8000  11200   5100   4800
   2900   7900   2350   1850   2050   5700   1800   5200  12000  24600
   3150      9    129   8300   9600  11100  13050   1575   1225   2750
   1450   4950   2200  13100     79     59   2250    209   1700    109
    759    159    309   1100   1500   5400   1900   4300   3600   6800
   4250    459  10100   9850  14550  23150  16750  15250   5800   3650
   5050   2000   4700   4000   3300  15000   6350   6000  10000   4350
   9700   3950   4850   3500   7600   8200   2850   2400   5600   9900
   6400   3000   3850   7800   1600    259  10550   4600   9800  11850
   4200   5500   6500  13550  13600   6100   8800   9400   3550   8450
   3200  12200    359    279    179   4150 164500  78950  58100 191100
 194500 162300 175300  82300 132600  17200  39600  53200  23100  18600
  17400  23300  31900  19800   5009  17700  17500  13200  27600  19700
  44500  34800  24000  21300  52000  40600  28400  25800  31500 150200
  32600  12400  42400  36700  35900  11700  20700  19100  26600  21350
  45900  30500  17850  34300  30000  31700  40400  35400  24700  28200
  34900  16100  23700  13400  20300   2259  16700  24100  37400  14600
   7700   9500  36800  34000  14300  27100   7400   5409  31300  27700
  42800  20100  21000  17900  21200  15500  11000   8400  12700   9100
  13900  12600   7100  14200  15900  14900  20000  19200  27200  12900
  41100  33900  71950  13500  13300  20600  32400  48000  41900  85300
 162000   3250  29000   8600  39150   2209  22600  24200 139000  16900
  34100   6700  25700   3909  24900  21600  20900  18900  30100  24400
  18800  22700  18300   8850  25500  25000  32800  16600  19900  15700
  34500  41500  28100  11300 157900   7300  15300  13700  14500   1909
  20800  24800  27000  28000   9200  51700  30250  33000  12100  26000
  33200   6900    709   3109  21500  37000  41200  39700   6009  19500
  46500    809  48800    509   9300  26100  33600  16000  21100  22300
  49100  14800  18400  18500  15200  17000  17600   8500 132809  12050
  33300  13000  23400  10700  43100   1509  35200  23600  22000  25900
   7500  26700  19600   1009 127800 160200  49400  15600   8009   4009
  10500   8509  10800      0   2009   4109  62150  27450  67350  83800
  85200  72750  55050  73250  80500  61800 123600   3450   4750   3750
   9350   9450    162   4650  20200  10150   5550  10250    329  54000
  25200  30700  35800  72000  35700  13350  22800  75500  34200  32300
  28900  34400  46600  36200  46100  19400  17100  31800  37300   7350
   2709  26400   4609  11450  77350   7450  10850  10050  17950  16350
  14700  14400   2509   1109     35      5      1      2   5650   7750
   8350   1209   1659   8150   7950  15350  30300  16650   6909   3709
   5250    609  58200  26300  15100  13800  12300  37600   8100  43200
  11600   3659  22400  56000  14350  11500  14000  29900  10600  21400
  15400  25300  23500   6600  15800   6950     87  14450  26800  23900
  16950  16800  32700  29300  27300  10900  17800  33700  12750  11400
   1259  32250  44950   9750  30900  14950   8950   7150    909   2409
   3259  13150     49   1729  17300  21800  42600  31000   3609  20450
  12650  10750  12500   5750  11900    409   6050   6650  23000   2025
   6450   5850  10450  22950  16200  54700  27350  25550   2425  22150
  12250   3509    675   9050   8050  16450   4909   6150  15150  13650
  11250  18150  12350  25400   1075   2475   4859   2759   1609   5950
   8250  11750  16400   3009 116700  32850  29809  33209  17450  34700
  24150  35459  33800   5150   3904  16550   8750  10350   6850  11050
  21750  19000    229  56600  12950  18950  20400   6250  11650  14050
   2325   1425  26550  25050  18350  38500  41000  38850  40250  25100
  13850  36900  18100  37504  75009  17050  15650  40850   1409  16050
  14750   2359  21250  17250  20350  12075   1260    210   4725    665
   1360]
Feature:
 avgDailyTruckTraffic
avgDailyTruckTraffic
[ 2  5 15 27 10 12 11 13 19 18 22  7 21 25 16  4 -1  8 26 20 14 32  3  9
  0  6 30 17 23 29 33 28 37  1 42 40 24 51 44 39 31 36 34 41 59 35 47 46
 45 38 43 49 62 48 50 53 54]
Feature:
 supNumberIntervention
supNumberIntervention
[2. 0. 1.]
Feature:
 subNumberIntervention
subNumberIntervention
[2. 0. 1.]
Feature:
 deckNumberIntervention
deckNumberIntervention
[0. 1. 2.]
Feature:
 latitude
latitude
[41311000 41304338 41303864 ... 41312136 42111656 42155400]
Feature:
 longitude
longitude
[90332000 90335592 90310642 ... 90321002 90141350 90230800]
Feature:
 skew
skew
[ 0 35 23 20 22 42 10 33 45 30 40  5 65 25 50 15 55 70 24 34 28 19 17 27
 29 36 37  8 52 26 16  9 14  4  7 49 13 38 11 18 21 57 39 60 32 48 53 56
 31  6 41 12 90 77 47 67 73  2 64 54  1 46 43 63 51  3 44 58 68 80 89 61
 59]
Feature:
 numberOfSpansInMainUnit
numberOfSpansInMainUnit
[ 1  8  4  2  3 10  5  6 11  7 12 14  9 23 20 13 28 22 30 17 16 33 15  0
 18 77 21 42 34 25 -1]
Feature:
 lengthOfMaximumSpan
lengthOfMaximumSpan
[ 78.6  25.5  70.1   7.6   7.9  12.8  15.5  14.3  38.3  12.2  16.5   9.4
 191.3  30.9  12.5   6.4  36.6  21.3  45.6  31.2  32.9  14.2 274.3  30.3
  18.7  22.4  19.8  30.5  11.9  34.5  39.5  26.5  29.7  23.5  23.8  10.4
   7.3  10.7  32.3  21.1  14.9  20.4  11.   11.3  18.3  21.6  25.   10.1
   9.1  43.6   9.6   6.3   6.7   8.8  21.9  13.1  24.7  16.8  18.6  24.4
  15.8  24.1  17.7  19.5  14.6  19.2  16.2   9.8   8.2  21.   14.   23.2
  18.   22.6  15.2  20.1  11.6  22.9  18.1   9.   33.5  23.9  36.3  15.1
  18.5  22.3  20.   48.8  15.9  39.6  56.7 213.7 243.8  52.5  24.9   8.7
  33.1 250.2  13.4  46.9  21.4 350.5   8.5   8.1  41.1  11.1  16.6  14.4
  17.2  11.8  11.4  13.9  19.4  40.5  30.8  15.7   5.2  38.1  13.3   6.1
  13.7  18.2  17.1   7.    6.2   6.9  21.7  29.8  33.2  27.1  13.   17.5
   8.4  26.8  26.2  24.2  18.4  25.3   7.5  21.5  16.1  14.8  21.2   9.5
  20.3  42.7  12.6  23.4  16.4  12.   17.8  15.3  17.4  13.2  26.4  20.5
  27.8   8.9  16.3  16.   20.7  39.2  10.8  25.9  25.1  17.   20.8  29.
  20.6  18.9  29.9  23.3  21.8  19.1  27.7   4.9   8.   12.4  10.   35.1
   7.4  11.5  24.6  19.7   5.5   4.8   6.6  15.4  36.4  23.    7.7  17.6
  12.7  22.2  31.7  24.5  15.   10.9  19.9  20.9  31.1  14.5  35.3  39.9
   9.2  22.8  12.3  15.6  11.7  13.8  16.9  13.5 158.5  29.6 164.6  36.8
  32.   28.6  18.8   6.8  27.6  17.3  12.9  22.1   7.2  29.4   6.5  23.1
   7.8  13.6  16.7   8.3  27.4   7.1   5.8   9.7  14.1  27.   10.3  19.6
  10.5   9.3  19.3  10.2  12.1  37.   34.4   4.    3.7   5.4   4.3   4.4
   4.6   4.1   3.6   6.    3.2  37.2  17.9  23.7  44.2  27.5  28.2  22.7
  28.9  28.   34.7  24.3  11.2  29.3  31.4  24.   37.5  39.3   3.4   3.
  23.6  14.7   8.6  51.2  32.1  29.1   3.5  28.8  54.9  42.6  52.   22.
   5.1  73.3  81.6  30.  128.   66.8  76.2  68.3  90.8  88.3  82.3  76.5
  92.8  65.8  44.5  52.9  70.3 120.7  63.1  77.4  74.9  36.   93.3  79.2
  33.8  76.4  31.5  38.4  67.1  32.4  88.4  57.4  67.5  91.4  25.6  38.7
  35.7   0.    2.7  52.7  37.4  58.1  46.   54.   39.   28.5  24.8  92.
  76.8  73.8  60.7  70.7  68.6  51.5  57.6  73.2  74.8  71.8  71.6  45.4
  55.5  57.3  62.8  64.   61.6  41.5  74.7  80.5  64.9  67.4  78.   58.8
  69.5  72.8  71.   62.2  84.1  64.1  82.   60.   81.7  41.6  45.3 198.1
  95.4  92.6  66.1  25.7  26.9  25.2  28.3  45.7  58.4  26.1  33.9  19.
  28.7  20.2  10.6   4.7   3.3  30.7   5.9  31.8   9.9  42.1  30.2  31.9
  26.3  31.3  46.3  68.   27.3  72.2  61.   54.5 251.5  94.8  34.2 123.
  31.   38.6  51.8  36.9  50.9  89.9  26.6  47.2 160.   32.2 201.2  22.5
  53.6  32.5  53.   25.4  83.7  48.5  48.7  51.   45.    2.3  35.4  40.2
 257.6  37.8  30.1   5.3  36.2  26.7  85.3  43.   34.1  50.   32.7  35.8
  47.5  25.8  43.3  67.7  45.1  52.1  37.3  72.5 110.9 145.4 115.2 155.4
 189.   46.2  90.6  41.  113.   40.1  58.5  42.4  57.9  51.3  32.6  47.9
  61.9  49.4  56.4  42.   28.4  49.7   5.   54.8  40.6  45.5  33.6  26.
  27.9 146.3 141.1  46.6 230.4  36.1 157.7 111.  222.5 216.7  65.2  29.5
  27.2 277.4 172.8  29.2  35.5   4.2  55.8  62.5  36.5 167.6 195.1  35.6
 127.1 114.3  74.4  70.4 204.5 112.8 173.7  59.5  32.8 225.6 164.  156.1
 182.9  61.1  41.8  40.8 293.5  30.6  48.2  35.   38.2  41.9   3.9  43.9
 174.   31.6  90.2 163.4  53.3 190.8 109.7  71.7  38.5  53.1  33.4  70.6
  45.8  49.1  39.4 130.1  43.5  56.2  59.4 196.3 152.4 148.1 110.6  50.6
  80.8  49.8  54.6  83.8  78.3   5.6]
Feature:
 structureLength
structureLength
[564.3 183.9 407.6 ... 158.5  55.1 184.4]
Feature:
 bridgeRoadwayWithCurbToCurb
bridgeRoadwayWithCurbToCurb
[ 7.1  7.3 12.8  8.8 10.1 13.  20.1 10.8 16.8  9.9  9.5 11.3 11.8 10.2
 12.  10.   6.1  9.4 11.9 12.2 14.1  9.8 10.7 13.1  9.6  6.7  7.8  8.5
  8.6  7.9  6.9  9.1  4.9  4.8  4.7  5.5  5.3  6.   7.2  6.8  4.1  4.5
  7.7  4.2  3.3  7.4  8.1  7.6  8.   9.   8.7  9.2  9.3  8.2 11.  10.4
  7.   6.4 13.2 18.   9.7 24.4  7.5  6.3  5.7 19.7  5.9  3.9 13.4  6.2
  8.9  5.2  5.1  4.4  8.3 15.8 15.9 15.2 17.1 10.5  4.   6.5  5.8 12.3
 11.6 10.9 12.1 21.9 17.7  6.6  8.4  5.4  4.3  5.  11.1 11.2 13.3 17.5
 13.7 17.4 11.4 17.2 16.6 11.7  4.6  5.6 12.5  0.  12.6 19.2  3.7 41.5
 37.9 29.8 32.6 16.  33.8 23.2 15.1 14.6 21.3 16.5 18.3 20.5 27.4 22.3
 22.6 19.5 28.  19.8 20.7 14.9 15.6 23.8 25.4 16.2 14.5 14.  13.8 18.9
 13.5 15.5 18.5 22.2 21.  43.9 25.5 25.6 22.8 14.4 40.3 16.4 27.8 20.
 18.7 20.4 17.3 14.3 41.7 24.6 32.7 23.5 47.5 23.6 12.4 19.9 14.2 45.1
  3.6  3.8 10.3 19.3 31.7 20.3 39.  39.6 36.  26.8 22.9 26.2 14.8 12.7
 10.6 13.6 12.9  3.5 17.8  3.4 26.6 15.  42.4  3.   3.2 18.4 16.9 14.7
 24.5 26.1 17.6 20.2 15.7 27.1 29.6 21.6 21.5 25.  16.1 19.1 26.7 36.7
 24.7 19.6 33.1 17.  15.4 22.1 18.1 25.2 13.9 40.2 31.5 35.9 26.3 25.8
 23.  11.5 19.4 27.6 25.1 18.6 23.7 20.9 21.1 24.9]
Feature:
 operatingRating
operatingRating
[34.7  0.  47.7 52.2 66.6 51.3 69.3 63.9 36.9 49.5 42.3 67.5 27.9 89.1
 86.4 78.3 65.7 53.1 72.9 55.8 70.2 72.  62.1 84.6 73.8 85.5 60.3 59.4
 79.2 44.1 23.4 33.3 35.1 31.5  4.5 28.8 13.5 37.8  1.8 45.   9.  40.5
 76.5 43.2 18.  46.8 54.9 41.4 30.6 58.5 56.7 64.8 77.4 81.  83.7 32.4
 54.  19.8 29.7 71.1 68.4 63.  25.2 26.1  7.2 22.5 20.7 48.6 17.1 74.7
 34.2 38.7 36.  39.6 45.9 24.3 27.  11.7  9.9 21.6 10.8 50.4 61.2 57.6
 75.6 88.2 80.1 81.9 14.4 15.3 16.2  8.1  5.4  6.3 18.9 12.6  3.6 82.8
  2.7 87.3 10.1 -1.  54.4 13.2 58.6 17.5 43.7 63.8 44.2 18.3 33.6 55.4]
Feature:
 scourCriticalBridges
scourCriticalBridges
['6' '7' '8' '4' '5' '3' '9' '2']
Feature:
 lanesOnStructure
lanesOnStructure
[ 2  3  4  1  5  8  6 10  9 -1 16  7]

 Optimal number of cluster (Elbow Coefficient):  3

 Centroids:  [[ 3.26375712e-01  8.44402277e-02  3.88994307e-01]
 [ 4.10958904e-02  5.13698630e-01  4.65753425e-02]
 [ 3.62557206e-16 -1.35308431e-16  4.85722573e-17]]

 Number of members in cluster: Counter({2: 16984, 0: 527, 1: 365})

ANOVA: 
                 Attribute     sum_sq   df            F        p-value
0   supNumberIntervention  23.179909  2.0   441.510465  3.071927e-141
1   subNumberIntervention  56.499087  2.0  1881.320468   0.000000e+00
2  deckNumberIntervention  36.044292  2.0   837.698776  3.151324e-221

Tukey's : 

Multiple Comparison of Means - Tukey HSD, FWER=0.05 
====================================================
group1 group2 meandiff p-adj   lower   upper  reject
----------------------------------------------------
     0      1  -0.2877  0.001 -0.3158 -0.2595   True
     0      2   -0.326  0.001 -0.3542 -0.2979   True
     1      2  -0.0384 0.0041 -0.0665 -0.0102   True
----------------------------------------------------


Multiple Comparison of Means - Tukey HSD, FWER=0.05
===================================================
group1 group2 meandiff p-adj  lower   upper  reject
---------------------------------------------------
     0      1   0.4329 0.001  0.4116  0.4542   True
     0      2  -0.0863 0.001 -0.1076  -0.065   True
     1      2  -0.5192 0.001 -0.5405 -0.4979   True
---------------------------------------------------


Multiple Comparison of Means - Tukey HSD, FWER=0.05
===================================================
group1 group2 meandiff p-adj  lower   upper  reject
---------------------------------------------------
     0      1  -0.3603 0.001 -0.3858 -0.3348   True
     0      2  -0.4055 0.001  -0.431   -0.38   True
     1      2  -0.0452 0.001 -0.0707 -0.0197   True
---------------------------------------------------


Cluster:  1
Mean Median Maximums Minimums StdDev  
=====================================
0.04 0.00   1.00     0.00     0.04
0.51 0.50   1.00     0.50     0.51
0.05 0.00   0.50     0.00     0.05


Cluster:  2
Mean Median Maximums Minimums StdDev  
=====================================
0.00 0.00   0.00     0.00     0.00
0.00 0.00   0.00     0.00     0.00
0.00 0.00   0.00     0.00     0.00


Cluster:  0
Mean Median Maximums Minimums StdDev  
=====================================
0.33 0.50   1.00     0.00     0.33
0.08 0.00   0.50     0.00     0.08
0.39 0.50   1.00     0.00     0.39


printing columns of X

deck
yearBuilt
superstructure
substructure
averageDailyTraffic
avgDailyTruckTraffic
material
designLoad
snowfall
freezethaw
latitude
longitude
skew
numberOfSpansInMainUnit
lengthOfMaximumSpan
structureLength
bridgeRoadwayWithCurbToCurb
operatingRating
scourCriticalBridges
lanesOnStructure
toll
designatedInspectionFrequency
deckStructureType
typeOfDesign

 Oversampling (SMOTE) ...

 Distribution of the clusters after oversampling:  Counter({1: 16984, 2: 16984, 0: 16984})


            -------------- Performance of Entropy ---------------
            


 Best Kappa Values:  0.9115461536345667

 Best Accuracy:  0.9527790660600394

 Best Depth:  29

 Classification Report: 
               precision    recall  f1-score   support

           0       0.95      0.96      0.95      3390
           1       0.95      0.97      0.96      3422
           2       0.95      0.92      0.94      3378

    accuracy                           0.95     10190
   macro avg       0.95      0.95      0.95     10190
weighted avg       0.95      0.95      0.95     10190


 Confusion Matrix: 
 [[3242   64   84]
 [  39 3314   69]
 [ 142  115 3121]]

 Feature Importance: 
 {'snowfall': 0.0, 'freezethaw': 0.0, 'toll': 0.0, 'designatedInspectionFrequency': 0.0031753148194775065, 'designLoad': 0.007984682814629709, 'lanesOnStructure': 0.011333282514105817, 'material': 0.014163265224229634, 'typeOfDesign': 0.015394467838235235, 'deckStructureType': 0.01767083190644024, 'numberOfSpansInMainUnit': 0.022348688195593706, 'skew': 0.02281442910189989, 'lengthOfMaximumSpan': 0.02436878617959301, 'structureLength': 0.025269378400737143, 'scourCriticalBridges': 0.02883204932924848, 'yearBuilt': 0.030374456509194302, 'operatingRating': 0.03312293849338948, 'avgDailyTruckTraffic': 0.033958801923415875, 'latitude': 0.037400740055131554, 'longitude': 0.037899884210247536, 'bridgeRoadwayWithCurbToCurb': 0.03925080243965445, 'averageDailyTraffic': 0.042495595498693, 'superstructure': 0.11967043828359633, 'deck': 0.15972816443593588, 'substructure': 0.2727430018265512}


             ----------- Performance with GiniIndex ------------
             


 Best Kappa Values:  0.9128511369679446

 Best Accuracy:  0.9492659641475877

 Best Depth:  18

 Classification Report: 
               precision    recall  f1-score   support

           0       0.94      0.95      0.95      3390
           1       0.94      0.96      0.95      3422
           2       0.95      0.93      0.94      3378

    accuracy                           0.95     10190
   macro avg       0.95      0.95      0.95     10190
weighted avg       0.95      0.95      0.95     10190


 Confusion Matrix: 
 [[3230   76   84]
 [  71 3279   72]
 [ 125  120 3133]]

 Feature Importance: 
 {'snowfall': 0.0, 'freezethaw': 0.0, 'toll': 0.0, 'designatedInspectionFrequency': 0.0031753148194775065, 'designLoad': 0.007984682814629709, 'lanesOnStructure': 0.011333282514105817, 'material': 0.014163265224229634, 'typeOfDesign': 0.015394467838235235, 'deckStructureType': 0.01767083190644024, 'numberOfSpansInMainUnit': 0.022348688195593706, 'skew': 0.02281442910189989, 'lengthOfMaximumSpan': 0.02436878617959301, 'structureLength': 0.025269378400737143, 'scourCriticalBridges': 0.02883204932924848, 'yearBuilt': 0.030374456509194302, 'operatingRating': 0.03312293849338948, 'avgDailyTruckTraffic': 0.033958801923415875, 'latitude': 0.037400740055131554, 'longitude': 0.037899884210247536, 'bridgeRoadwayWithCurbToCurb': 0.03925080243965445, 'averageDailyTraffic': 0.042495595498693, 'superstructure': 0.11967043828359633, 'deck': 0.15972816443593588, 'substructure': 0.2727430018265512}

 Saving decision trees 


 Plotting decision trees 

