
 state:  ohio_deep
Feature:
 deck
deck
['6' '8' '7' '5' '4' '9' '3' '0' '2' '1']
Feature:
 yearBuilt
yearBuilt
[1978 1972 1990 1943 1985 1967 1961 1999 1931 1998 1930 1932 1970 1973
 1984 1948 2002 1942 1959 1964 1934 1988 1960 1954 1983 1962 1955 1956
 1924 1994 1947 1963 1995 1991 1941 1974 1986 1925 2000 1900 1908 1997
 2006 1965 1935 1937 1951 1945 1952 1950 1940 2005 1936 1939 1920 1910
 1971 1921 1975 1968 1977 1953 1976 2001 1992 2003 1969 1982 1957 1949
 1929 1946 1980 1987 1919 1993 2004 1958 1928 1989 1915 1981 1903 1906
 1979 1927 1933 1918 1909 1966 1996 1914 2007 1944 1938 1922 1912 1926
 1917 1904 1893 1887 1911 1907 2008 1916 1905 1913 1897 1902 1923 1875
 1863 1901 1881 1877 1850 1860 1855 1888 1882 1876 1890 1880 1870 1874
 1883 1884 1894 1871 1879 1886 1892]
Feature:
 superstructure
superstructure
['7' '8' '5' '6' '4' '9' '0' '3' '2' '1']
Feature:
 substructure
substructure
['7' '8' '6' '4' '5' '9' '3' '2' '0' '1']
Feature:
 averageDailyTraffic
averageDailyTraffic
[3045  300 1650 ... 3936  985 8590]
Feature:
 avgDailyTruckTraffic
avgDailyTruckTraffic
[19 22  3  4  5  9  8  6 10 12  7 11 29 13  0 45 46 37 33 38  2  1 16 34
 31 15 20 35 21 32 39 40 48 28 27 14 17 43 18 25 24 47 23 30 36 49 41 68
 84 26 42 72 50 -1 60 63 61 80 53 44 51 92 66 83 87 52 59 64 57]
Feature:
 supNumberIntervention
supNumberIntervention
[0. 1. 2. 3. 4.]
Feature:
 subNumberIntervention
subNumberIntervention
[0. 1. 2. 3. 4.]
Feature:
 deckNumberIntervention
deckNumberIntervention
[1. 0. 2. 3.]
Feature:
 latitude
latitude
[38553353 38560869 38581047 ... 40592300 39482500 39473500]
Feature:
 longitude
longitude
[83305318 83280994 83204984 ... 84024100 84050900 84024596]
Feature:
 skew
skew
[47  0 24 15 42 18 17 10 30 40 20 45 25 27 35 37 28 90 22  5 36  6 50 16
  8 26 13  2 14 33 21 11 12 32 38  9 43 31 39  7 51 19 29 44 23 60 55 54
  3 41 99 34 58 46 52 49 53  4 48 66 64 76 72 65 56  1 88 74 82 85 87 73
 57 63 77 86 89 62 70 75 59 61 80]
Feature:
 numberOfSpansInMainUnit
numberOfSpansInMainUnit
[  3   1   2   4   5   7   8   6  21  10 132   9  15  11  18  28  14  17
  22  23  19  13  27  41  12  31  20  16  33  25 344]
Feature:
 lengthOfMaximumSpan
lengthOfMaximumSpan
[ 28.7  38.4  22.9  10.7  11.6   5.8  12.5  13.1  40.   13.7  24.4  30.8
   6.4   7.4  42.5  21.7  14.6  23.   21.   15.    7.9   8.5  30.5   6.1
  16.8  15.2  12.2  16.2  11.9  21.3   6.7   7.6  63.7  38.9  14.   18.
   3.   17.5  17.1  28.4   7.3  12.8   9.1  10.1   8.8  59.1  44.5  20.4
  29.3  14.3  36.    9.4   5.5  59.7   7.   22.6   8.2  11.   14.9  11.3
  40.8   4.9   9.8  17.7  25.6   5.2   3.7  32.3  22.3  27.7  26.5  17.4
   4.   18.3  13.4  10.4  25.   24.1  20.7  21.6  19.2   8.7  15.6  15.5
  19.6  19.8  21.9  15.9  23.5  42.1  39.6  16.5  18.6  32.9  43.   23.8
  44.2  33.5  42.4  20.1  35.7  18.9 109.7  41.1  24.7   9.5  13.6  14.5
   8.4  19.5  33.2  41.8  25.3  53.   45.   42.7  22.2  56.4  48.8  35.4
  47.5  25.9  46.3  45.7  38.1  41.5  37.2  23.2  50.6  32.   76.5  39.
  28.3  29.9 118.9  39.3  34.7  27.4  35.   36.6  43.9  43.3   4.3  37.8
  30.2   4.6  33.8  31.1  31.4  26.2  22.    6.8   9.   31.7  46.6  35.1
  45.1  40.5  79.2  19.1  28.2  13.3  10.2  32.2  48.2  28.   27.1  29.
  24.5  29.6  46.9  26.8  26.1  25.8  20.   44.8  76.   37.5  34.4   2.7
  16.   40.2   6.   14.1  12.   13.   14.8  36.3  27.5   9.3  65.5  61.9
   0.9  20.6  31.9  28.1  19.   21.2  38.7  32.6   6.9   7.2  43.6  49.4
  11.4   6.3 121.9  57.  180.1  80.8  78.   91.1  58.5  51.8  36.9  60.7
  59.4  54.4 103.6  91.4  61.   67.1  73.8  65.8  68.6  94.5  25.5  12.6
  11.8  51.5  41.2  10.6   9.2  15.8  16.3  45.4  20.3   9.9  34.3  18.7
  53.3  73.2  77.5   6.2  49.1  65.2  43.2   8.6  12.1  10.3   8.    5.3
  39.2  14.2   7.5  50.   16.9  22.7  29.4  37.   24.6  19.4  34.8  35.9
  66.7  21.8  23.6  56.1  67.7  64.   64.9  25.1   8.3  16.7  15.7  12.3
  12.7  17.8  35.2  14.7  42.3  75.6  34.1  47.6  54.   42.   36.4  70.7
  56.7  51.2  10.8  17.9  18.2  10.5  13.2  24.8  39.9  11.7  15.1  52.7
   3.4  11.5  60.   47.2  11.2   1.5  54.9 210.   57.3  10.9  49.7  32.5
  62.4 225.2 221.   20.5  22.8   1.2  46.  100.6   6.5   4.8  52.1 239.3
 186.8  62.2  20.9   3.1  50.3   6.6  79.9  69.5  71.9  77.4  82.   57.9
   8.1  35.6   7.8  38.   15.3  19.7  11.1  17.3  27.6   1.8  37.6  57.6
  58.8  55.5   2.4  82.3  16.1  16.6   7.7  71.   28.8  29.1  22.5   7.1
  31.2  52.4  23.9  26.3  31.   12.4  38.6 266.7  47.4  60.4  63.4   5.7
  48.5  74.7  55.2  53.6  17.2 143.3  26.   64.3  23.1   5.4  15.4  17.6
   9.7 130.2  97.8  54.3  19.9  28.9  50.9  27.3  18.4  47.9]
Feature:
 structureLength
structureLength
[  73.8   97.2   54.9   30.2   38.7    6.7   23.2   34.1   32.3   36.3
  104.9   14.9   56.7   76.8    7.3    8.1  110.8   46.8   64.    13.7
   40.5   23.    51.    39.9    9.5   38.4   24.4   91.    44.3   33.3
   40.    22.    32.6   44.5   34.8   57.     7.6   22.3   66.8  102.8
   24.1   23.8   43.6   42.4   30.5   75.    12.2    8.2   14.6    7.
   15.2   14.    12.5   10.1   21.3    8.8   27.7   62.2   45.7   21.6
    8.5   31.4   13.4   16.5   37.8    9.8   15.5    7.9   18.    11.
   33.2   58.2    6.4   61.9   11.9   32.    20.1   11.6   10.4   18.6
   12.8   41.5   18.9   37.2   20.4   26.2   17.1   17.7   18.3   34.4
   26.8   11.3   36.    19.5    9.1   15.9    6.1   61.    28.    27.4
   13.1   16.8   68.    14.3   24.7   77.7   66.5   63.1   37.5   61.6
   52.1   28.4   47.2   49.4    9.3   16.4   48.5   37.9   10.7   70.1
   61.3   53.    20.7   65.5   44.2   39.    21.    19.2   40.2   46.
   16.2   41.1   35.1   17.4   45.1   27.1   25.9   21.9   34.7   53.3
   25.3   44.8   64.9   42.7   23.5   26.5    9.4   32.9   38.1   25.6
  110.    22.9   46.9   19.8   42.1   51.2   43.3   68.6   28.3   25.
   78.3   35.9   38.8   68.4   52.4   59.4   22.6   28.7   45.4   56.4
   41.    29.9   48.2   36.6   33.8   30.8   29.3   31.1   41.2  139.8
   64.3  352.8  373.2  314.4   29.    20.9  283.5   22.2  113.7  136.9
   40.8   33.5   63.4  121.6   48.8   68.9   69.2   35.7   43.9   53.6
   39.6   79.2   69.5   39.3   77.1   29.6   70.4   31.7  119.8   35.4
   55.5   43.    68.3   60.   155.8  127.1  282.2  162.2   92.1   93.
  133.2  158.5   52.7  111.9  259.7   94.2   95.7  128.3  137.8   36.9
   74.4   57.6   41.8  114.3  108.5   57.3   73.2   19.    18.2   62.5
    9.6   47.9   72.2   71.3  104.6   93.3   57.9   83.8   84.7   47.6
   72.9  497.1  370.9    9.7   46.3  229.8  193.9  113.4  213.1  179.2
  153.   189.3   13.    50.3   52.6   49.1   36.2   10.9   33.7  296.9
  179.5   50.9   54.3   72.8   80.5  109.4   82.   113.1   86.6  115.2
   25.1  141.1   19.4   67.4   15.6   27.    73.5   56.1   50.6   81.4
   65.2   50.   125.3   24.3  188.4   36.7  202.4   69.3   94.8   23.6
   58.8  205.4   93.9  224.9   20.3  167.3  424.5   60.8   64.6   86.3
   55.2   55.8  154.2    8.    16.9   60.7   30.1    6.8   11.4  146.3
  150.   102.3   60.9   56.8   81.1   29.5  118.3  183.8  186.5   31.5
  142.7  218.8  285.6   60.4   85.6   71.    82.9  148.7   69.8   52.5
   27.2   84.4   84.1  132.4  100.3   83.5   88.7   98.1   30.    88.1
   63.7  120.    80.6   78.   146.6  149.   178.    17.6  140.9   10.5
   22.8   29.8   40.1   23.3  140.2   28.5   94.5  105.2   21.4  114.1
   32.1   12.9   13.9   58.5  244.1   46.6  148.1  118.9   19.6  100.6
   81.7  132.5   80.2   24.2  133.8   51.8   89.6   80.8  134.1  130.2
   97.5   44.9   49.7   51.5   54.  2005.6  347.2  809.5  195.1  489.8
  374.9 1001.3   82.6  584.9   70.7  246.9  182.9   66.4  522.4   90.5
  230.4  921.1   50.1  255.7 1547.8  178.9  335.8  324.6  332.2 1055.2
 1266.4  478.8  154.8  110.3  262.1  108.2   78.6   72.5  194.8  120.7
  926.6   62.8  170.4   90.2   86.9  106.7   25.5   48.9   44.4   26.4
    7.7   31.    30.3  132.3  127.4   16.6   16.7  135.9  177.7  159.4
   60.1  306.9  147.2  138.7   92.7   55.1  118.8   92.4  111.3   76.7
   32.2    8.3   16.3  159.    89.3   56.9    9.9   47.1   39.7   26.3
   86.    65.8   79.9   98.8  352.    67.7   76.4   86.4  206.   236.5
  790.7  312.4  346.7  105.5    7.1  355.7   15.4  157.   185.7   44.7
  107.4   96.8    8.9   22.4   21.1   19.9   28.9   96.    90.3   52.9
   33.1   37.    45.2   35.3   21.7   83.1   80.1   62.    52.2   24.8
   17.5   57.1   34.2   75.6   45.    68.7   34.5  105.8  168.3  133.5
  121.9  205.1   71.9   51.7   75.4   61.8   11.8  250.8  273.5  292.1
   89.5   70.5   70.6  133.7  100.2   38.6  176.5  209.6  253.7  100.4
  210.    78.9   59.8   92.     7.2   95.   379.3   95.4   53.1   89.2
  222.8  139.9  121.1  118.5  242.2  230.6  185.4  144.6  597.1   80.7
  169.5    8.6  123.7   73.4   36.4  267.8  103.   177.1  126.8   89.
   98.5   47.5   59.7  112.8   66.1  254.8   99.4   95.1  158.2  147.8
  120.1   91.4  125.6  306.3  209.1   67.1   74.7   54.6   90.8   21.2
    9.   117.4   88.4    6.9   33.9   13.3   12.6   47.   116.7   85.7
   77.4  169.8   89.1   32.5   97.8  103.9   82.3  147.5   15.1   20.2
   49.8  258.5   42.    24.6   29.4   83.2   13.8  195.9  272.2  263.4
  319.7  319.1  131.7   38.5   90.4  110.6   99.7  164.3  133.9  139.4
  154.5  737.   437.7   73.1  262.4  171.3  288.2  173.4  135.    93.4
   89.9  246.6  235.9   93.6  129.8  111.   182.   587.   830.   829.4
  116.1   10.2   17.2  100.    27.8   11.1   17.9    8.7  122.2  145.4
   40.7    7.4  284.1  220.7  390.5  185.9   36.1  184.6   36.5   28.1
   18.7  114.9   14.7   30.9   11.5   12.    13.2    7.8  181.4    6.6
   33.4   28.2  169.6  193.7  253.6  161.2   76.2  189.   239.3  220.4
  483.1   35.6    6.2  128.6   91.7   20.6  115.8  113.5   21.5  102.7
   75.9  126.5   59.1  224.4  150.9  277.1   87.8  300.8  120.4  196.
  106.1  166.1   88.   209.5  693.7  731.8   14.1  173.1   28.6   45.9
   13.5   19.7  107.3   25.2   54.1  321.    64.8  145.2  112.5   72.
  433.1  519.4  138.1  118.   979.9  269.7 1036.6  540.1  572.7  606.9
  464.8  512.1  104.2  212.8  439.5  444.7  365.5   55.9   71.6  167.6
   15.   156.4   10.8   73.7   37.4   41.9   12.4  770.3  638.6  293.5
  110.9  164.   683.4  644.    99.1  116.4  131.4  124.4  191.7  247.8
  132.6  149.4  100.9   79.3   14.4   18.1   10.6   32.4   12.7   42.3
   61.1    9.2   46.4   37.7   67.2   34.3  102.4  112.2   93.1   22.7
  166.4   62.4  231.   154.1  151.2  146.9   72.7  129.2  157.3  190.
  181.6  435.9   45.6  180.4   50.4  285.   128.   386.2  402.9  476.7
  464.5   75.7  102.1   91.1  192.6  219.8  205.7  260.9  208.2  203.9
  201.2  206.4  186.8   11.7  211.8  172.5   38.2   31.2   78.2  151.8
  205.9  216.2  290.5  256.3   12.3  121.   278.6   27.9  249.9   15.3
  165.5  209.7  142.6  252.4  135.6  155.1  623.9  101.2  134.4  123.4
  229.2  137.2  117.3   74.1   25.8   17.    94.7  174.3  243.8  193.3
   37.3   49.   120.9  305.5  216.4  192.5  194.   261.8  141.6  230.7
   55.4  254.5  198.1  199.6   25.7  232.3   36.8  142.3   30.4   32.7
  145.7   62.7   76.5  497.4    7.5   59.6  112.1  152.1  398.7  360.
  392.   390.2   64.2  179.6  512.2  371.9  112.9  179.8   75.3  302.7
   87.2  395.9  245.4  295.7  137.5  656.8   11.2  367.3  459.6   20.8
   40.9  141.7  214.9   14.8  163.8   40.6   57.4   79.6  217.3  218.2
  293.2  201.5  190.8   21.8  164.2  214.6  214.3   68.8  221.9  126.2
  126.   138.4  482.5  457.2  263.3  248.1  297.2  345.3 1021.4 1039.4
  455.8  445.2  264.   812.   301.1  275.2  163.1   87.5  187.8  184.4
  320.7   96.6   28.8  207.3   26.6   26.7  168.9  167.9   46.7   19.1
  284.4  185.6  137.9   96.9  182.3   43.8   94.3  212.5  128.9  114.
  162.5   99.8   65.3   69.1   46.1   12.1   14.2  413.9  313.3   84.6
  679.7  267.6  130.5  117.7  315.5  144.5  199.   248.7   76.6   24.5
   44.    60.5   56.2   22.1  198.4  257.9  284.7  437.1]
Feature:
 bridgeRoadwayWithCurbToCurb
bridgeRoadwayWithCurbToCurb
[ 12.2   8.5  11.    9.1  13.4  13.2   8.2   8.8  13.7   7.9   7.4  10.8
   9.8  11.1  10.4   9.9   4.8   6.8   7.6   7.5   7.3   6.1   4.9   5.8
   5.2   7.2   5.5   5.9   6.4   6.7   6.3   5.6   7.    4.6   9.4   4.
   4.3   5.7   8.7  12.1  14.6  19.6  15.5  12.5   9.5  12.8   9.   11.6
   5.3   6.2   8.4  17.1  10.1   6.6   4.2  14.    9.2  15.2  11.9  12.3
  21.9  18.2  15.9  11.3  12.4  13.   13.1  24.7  18.4  18.   18.3   9.7
   9.6  21.2  21.3  21.5   8.6  10.3  10.6   7.1   4.7   6.9  10.5   8.
   4.1  12.7  15.6   8.1   3.4   5.1   7.8  12.6   6.5   3.7   4.5  13.8
  14.4  20.7  20.4   3.8  48.8   4.4   3.    5.   16.5  16.2  11.7   8.3
  13.3  22.3  25.6  23.4  20.1  29.9  21.8  10.7  19.5  13.5   9.3  18.6
  25.9   8.9   6.    3.6   3.5  18.5  15.1   5.4  22.4  11.4  15.7  21.6
  22.6  16.8  23.2  14.1  10.   19.8  10.9  18.9  20.9  19.2  18.1  13.6
  14.5  58.4  39.   46.7  26.5  27.9  22.8  27.4  32.3  22.9  10.2  28.6
  17.4  12.   20.3  14.8  25.1  18.7   3.9   3.3  11.8   7.7  25.   14.3
  17.3  15.4  34.8 110.9  22.5  42.7  23.1  33.5  36.7  41.1  43.3  44.4
  45.   45.9  37.4  14.2  18.8  17.5  14.9  19.   38.   36.9  36.   36.1
  26.8  17.9  35.5  22.1  17.7  19.7  42.6  40.4  28.8  17.   33.7  33.8
  20.6  29.4  41.8  49.   24.4  40.5  30.5  19.1  21.   28.   39.8  16.
  11.2  16.4  34.7  29.3  11.5  26.2  28.7  12.9  21.4  25.2  13.9  15.8
  45.7  24.5  26.4  24.9  15.   14.7  30.2   2.7  17.2  17.6  22.   33.4
  30.6  35.8  29.7  16.6  35.4  38.8  16.7  21.1  20.8  31.4  39.6   3.2
   2.9  20.2  20.5  29.1  44.8  45.2  26.1  19.9  17.8  15.3  16.9  30.8
   2.4  27.7  29.5  27.1  32.9  22.2  16.1   3.1  37.8  37.6  37.9  39.3
  31.1  32.6  32.8  32.   37.5  46.6  43.9  32.2  37.3  72.5  24.1  25.4
  19.4  26.6  30.4]
Feature:
 operatingRating
operatingRating
[40.5 36.  30.6 29.7 36.9 33.3 34.2 21.6  0.  27.  24.3 27.9 18.   5.4
 28.8 12.6 23.4 32.4  9.  13.5 39.6 22.5 35.1  6.3 19.8 37.8 17.1 16.2
 18.9 15.3  8.1 25.2 20.7 31.5 26.1 40.   2.7 14.4 10.8  3.6  9.9  4.5
 18.5 38.7  7.2 20.4 19.4 20.3 19.1 20.  11.7 25.  39.7 36.7 33.6 38.8
 31.7 24.5 26.  32.6 40.2 31.  36.2 40.8 32.7]
Feature:
 scourCriticalBridges
scourCriticalBridges
['8' '9' '7' '6' '5' '4' '3' '1' '2']
Feature:
 lanesOnStructure
lanesOnStructure
[ 2  1  3  4  5  6  8 10  7 20]

 Optimal number of cluster (Elbow Coefficient):  3

 Centroids:  [[ 1.66515220e-01  1.36358473e-01  3.67863093e-01]
 [ 5.63725490e-02  2.67310049e-01  2.45098039e-03]
 [ 1.06028805e-02  7.28583860e-16 -1.09634524e-15]]

 Number of members in cluster: Counter({2: 13817, 0: 4402, 1: 1632})

ANOVA: 
                 Attribute      sum_sq  ...             F        p-value
0   supNumberIntervention   20.374719  ...    792.255140  8.626247e-299
1   subNumberIntervention   57.309130  ...   3094.993004   0.000000e+00
2  deckNumberIntervention  142.611973  ...  18581.359477   0.000000e+00

[3 rows x 5 columns]

Tukey's : 

Multiple Comparison of Means - Tukey HSD, FWER=0.05
===================================================
group1 group2 meandiff p-adj  lower   upper  reject
---------------------------------------------------
     0      1  -0.1083 0.001 -0.1176  -0.099   True
     0      2  -0.1538 0.001 -0.1631 -0.1445   True
     1      2  -0.0455 0.001 -0.0548 -0.0362   True
---------------------------------------------------


Multiple Comparison of Means - Tukey HSD, FWER=0.05
===================================================
group1 group2 meandiff p-adj  lower   upper  reject
---------------------------------------------------
     0      1    0.133 0.001  0.1251  0.1409   True
     0      2   -0.132 0.001 -0.1399 -0.1241   True
     1      2   -0.265 0.001 -0.2729 -0.2571   True
---------------------------------------------------


Multiple Comparison of Means - Tukey HSD, FWER=0.05 
====================================================
group1 group2 meandiff p-adj   lower   upper  reject
----------------------------------------------------
     0      1  -0.3601  0.001 -0.3652  -0.355   True
     0      2   -0.364  0.001 -0.3691 -0.3589   True
     1      2  -0.0039 0.1734  -0.009  0.0012  False
----------------------------------------------------


Cluster:  0
Mean Median Maximums Minimums StdDev  
=====================================
0.17 0.25   1.00     0.00     0.17
0.14 0.00   0.75     0.00     0.14
0.37 0.33   1.00     0.33     0.37


Cluster:  1
Mean Median Maximums Minimums StdDev  
=====================================
0.06 0.00   0.50     0.00     0.06
0.27 0.25   1.00     0.25     0.27
0.00 0.00   0.33     0.00     0.00


Cluster:  2
Mean Median Maximums Minimums StdDev  
=====================================
0.01 0.00   0.50     0.00     0.01
0.00 0.00   0.00     0.00     0.00
0.00 0.00   0.00     0.00     0.00


printing columns of X

deck
yearBuilt
superstructure
substructure
averageDailyTraffic
avgDailyTruckTraffic
material
designLoad
snowfall
freezethaw
latitude
longitude
skew
numberOfSpansInMainUnit
lengthOfMaximumSpan
structureLength
bridgeRoadwayWithCurbToCurb
operatingRating
scourCriticalBridges
lanesOnStructure
toll
designatedInspectionFrequency
deckStructureType
typeOfDesign

 Oversampling (SMOTE) ...

 Distribution of the clusters after oversampling:  Counter({0: 13817, 1: 13817, 2: 13817})


            -------------- Performance of Entropy ---------------
            


 Best Kappa Values:  0.5212632919359983

 Best Accuracy:  0.7244940384002361

 Best Depth:  29

 Classification Report: 
               precision    recall  f1-score   support

           0       0.67      0.67      0.67      2802
           1       0.76      0.79      0.78      2784
           2       0.75      0.72      0.73      2704

    accuracy                           0.73      8290
   macro avg       0.73      0.73      0.73      8290
weighted avg       0.73      0.73      0.73      8290


 Confusion Matrix: 
 [[1883  449  470]
 [ 389 2206  189]
 [ 520  233 1951]]

 Feature Importance: 
 {'snowfall': 0.0, 'freezethaw': 0.0, 'designatedInspectionFrequency': 0.0, 'toll': 6.953276588347202e-05, 'deckStructureType': 0.011735388255417097, 'lanesOnStructure': 0.011840145555331957, 'numberOfSpansInMainUnit': 0.013230624064767361, 'material': 0.01409629594105017, 'typeOfDesign': 0.014650706931816679, 'designLoad': 0.02725233838000744, 'scourCriticalBridges': 0.029140783147688105, 'operatingRating': 0.03206680661112373, 'skew': 0.04221247726766586, 'lengthOfMaximumSpan': 0.042398389539849105, 'structureLength': 0.04436728229223247, 'bridgeRoadwayWithCurbToCurb': 0.04449711778530499, 'superstructure': 0.04555072486874404, 'avgDailyTruckTraffic': 0.04598697485260465, 'averageDailyTraffic': 0.06308870126938342, 'yearBuilt': 0.06511379264836825, 'latitude': 0.06572240343969288, 'longitude': 0.07878930046494682, 'deck': 0.13308394472455576, 'substructure': 0.17510626919356573}


             ----------- Performance with GiniIndex ------------
             


 Best Kappa Values:  0.5247796938660505

 Best Accuracy:  0.7226847400475962

 Best Depth:  30

 Classification Report: 
               precision    recall  f1-score   support

           0       0.68      0.67      0.68      2802
           1       0.76      0.78      0.77      2784
           2       0.74      0.72      0.73      2704

    accuracy                           0.73      8290
   macro avg       0.73      0.73      0.73      8290
weighted avg       0.73      0.73      0.73      8290


 Confusion Matrix: 
 [[1890  438  474]
 [ 400 2182  202]
 [ 500  253 1951]]

 Feature Importance: 
 {'snowfall': 0.0, 'freezethaw': 0.0, 'designatedInspectionFrequency': 0.0, 'toll': 6.953276588347202e-05, 'deckStructureType': 0.011735388255417097, 'lanesOnStructure': 0.011840145555331957, 'numberOfSpansInMainUnit': 0.013230624064767361, 'material': 0.01409629594105017, 'typeOfDesign': 0.014650706931816679, 'designLoad': 0.02725233838000744, 'scourCriticalBridges': 0.029140783147688105, 'operatingRating': 0.03206680661112373, 'skew': 0.04221247726766586, 'lengthOfMaximumSpan': 0.042398389539849105, 'structureLength': 0.04436728229223247, 'bridgeRoadwayWithCurbToCurb': 0.04449711778530499, 'superstructure': 0.04555072486874404, 'avgDailyTruckTraffic': 0.04598697485260465, 'averageDailyTraffic': 0.06308870126938342, 'yearBuilt': 0.06511379264836825, 'latitude': 0.06572240343969288, 'longitude': 0.07878930046494682, 'deck': 0.13308394472455576, 'substructure': 0.17510626919356573}

 Saving decision trees 


 Plotting decision trees 

