
 state:  nebraska_deep
Feature:
 deck
deck
['6' '8' '7' '5' '9' '0' '4' '3' '1' '2']
Feature:
 yearBuilt
yearBuilt
[1967 1978 1980 1981 1983 1993 1950 1995 1965 1962 1968 1987 1986 1935
 1999 2005 1974 1988 1985 1979 1970 2003 2001 2004 1930 1990 2006 1966
 1994 1991 1989 1997 1992 2000 1996 1960 1972 1998 1982 1975 1955 1912
 1910 1911 1977 1984 1976 2007 1969 1918 2002 1915 1943 1956 1973 1920
 1971 1925 1940 1929 1936 1953 1916 1963 1907 2008 1927 1934 1957 1954
 1961 1948 1959 1952 1891 1905 1897 1964 1900 1949 1913 1937 1909 1903
 1899 1922 1933 1932 1939 1914 1946 1928 1958 1931 1926 1917 1921 1938
 1919 1924 1947 1941 1951 1908 1893 1901 1906 1895 1904 1945 1923 1944
 1942]
Feature:
 superstructure
superstructure
['6' '7' '8' '5' '3' '9' '4' '0' '2' '1']
Feature:
 substructure
substructure
['6' '8' '7' '3' '2' '9' '5' '4' '0' '1']
Feature:
 averageDailyTraffic
averageDailyTraffic
[    28    108    215    364    158    135     20     50     30    285
    435    115     40     25     60    500    530    100     75    200
     35     55    725    740      2    865     10    150     15    160
    255     80    250     65      5    365    415    170    205    395
    225    180    390    140     70     95    290    355     38    235
     90    165     85     45    195    230    145    405    120    270
    185    125   1915   1400    750    130   1120    730    360    345
    110      3   1320   1515    440    240    310    540    105    470
    175    305    585    202    190    210    605    890   1010    300
    330    385     43    159     49    795   1130    830    485     22
    394    445    155   1080    410    570    705   1390    550     97
    630    775    340    640    375    430    315    121   1215    580
    760    220     14    810   1225   1135    535     81     57    350
     62     91     46    238   2030    103     78     77    197    106
    163    609   1055   1093    986     47    101    173    700   1370
  17800  15200   1094    263     26   1220    545     61    653    904
     67   8600    894    442    151   7085    296    584   3979   1375
    139    198   2600    504   7700   6800  17900    265    325    620
    560    675    320    275    245    450    870    425    645    965
    335    745   1630   4715   3335   1000   3115   2955    455    280
    520    400    260    378    615    109     64   4300   2260    184
   1585    222    128    314     89     48   3580    815     71     66
     33    127     72     39   1045    460    670    116     56     92
     79     83   2070   2109   2875   2650    625    892    177     59
   4000   7600    595    554    840    213    187    118    258   5429
    687     87   1030    785   1165    925   1900    860   1490    380
      1    910   2050   1575    555    295    685   1420   4140   2795
   4180   1605   3135    915   1495    590    510    960    660   3565
   1580   8200   4480   9470   4655   1195   5245   7570   2755  16095
  13100  21700    635    600    515   6010   1075     37   2205   4755
   1275   6105   3670    495    855   2475   1100    505   2445    885
   1700   2100    970   1500   2000   2715    475   1990   1540   5560
   1480   1665   1485   1212    720    955   2390   1730   2355   2300
   2095   3885  15010  28170  26870   5128   4628   4408   4110   8220
   3913   9815    525    690    755   2720   1150   1265   2690   3865
   3815   3495   3415   2705   2640   2660   2330   1795   1865   2485
   1720   2250   4920   2540   1620   1745   3650   2335   3950  11375
  32295  32330  17225   5740   5985   5290   6650  14315  77410  59060
  30000  44875   1065   1980    850   1405   1140   2235   1465   2700
    575   1105   2800   6320   2815   1315   1445    930   1255   1815
    695    790    935   3380   1550   1425   1210    650   1285   1230
    895   1180    940    975   1235   2580   1965   4330   1525   1455
    800   1035   2020   1435   1565   1430   4285   2920   1820   1840
   2500    875   2180   2115    845   1595   1470   1310   1020   6495
   7920   4270   2470   4505   2125   3015   4095   2915   1850   1380
   1785   2315   2480   2225   1645    780   1290    900   1025    370
   1650   1995   2535   2290   1860   2385   1250   2185   3165   1125
   2140   2505   2570   1635   3910   2325   1835   2320   2655   5005
   6250   1460    880   1295   1110   1985   2990   4280   1115   2780
   2825   1385   3975   1360   2695   4325   2065   2135   8690    950
    805   3025   2605   2885   5350   3230   8145   6553   5710   5295
   6370   7760   5600   3780   4340   5855   9335   6425  15150   2440
   1875    480   2685   2090   3060   9535   4175   4650   1300   1305
   1805   5185  11125   5470   6350  11275   5638   7410   5170   2545
   4710   4155   4590   6235  10235   6280   2630   4365   1345   3100
   3920   3360   3455   3485   4040   6745   7655   2158    990    945
   1710    665   1040   1145   1245   1660   2110   2080   1675   2365
   6845   9215   1095    820   2145   5505   3435   7685   3735   7030
  20130  24590   1205   1925   1750   1355   1890    735   1085   2450
   2465   1845  10545  10218  20165  23690    715   1005   1200   4520
   1735    710   1240   1910   1090   1213   1535    490   2310   2270
   2830   3250   5630   4960   4045   4390   4215   9983   9948  23818
   6430   5150   5225   4240   7495   6195   2750   9960  14505   3245
   3590   5508   4798   7518  17780   3690   3068   8035   5830   3730
   8545   4488   3510  31515    465   3125   3895   3560   3720   3610
   3500   6725   6588   7208   7290   7455   7538   7620   7758   8068
   8790   9085  10035  10120  10290  11883  11930  12023  13193  14363
  15770  43055  20463  17250  19643  19125  19445  57915  89405  80955
 165270  75000   1788   2058   2123   5340   2698   3443   8155   4078
   3490   4120   3743   7820   3055   2975   3845   8810   6330   4020
   2520   4250   6820   2245   2435   1975   1768   3475   5655   7998
   5555   1280   2305   2430   1155    980  18590    680    765   1015
    985   1755   2195   2625   2900   1695   2120   1690   2230   3180
   3850   6490   7020   2675   1260   1600   1615   3340   2845   1715
   2105   1060   7000  20030   5943    655    770   1760   8635   3095
   1160   1510   2265   4090   2487   1800   1680  15960   2970   3005
   4030   1185   2560   4905   3450   3860   6685   9700   4565   4740
   6065   4890   5215   6240   9160  10020  29310  21205  25680   7690
   2905   3048   3935   4860   1475   3035   4370  11790  14065  16288
   2785   1830   2510   1530  52045 102985  16813   4580   7058  12030
    995   4400  27485  10230   2735   1070   4490    610    420   2370
    905   1955  13660  29000  18700   6530   5030   9100  52000   3600
  27600   8225  25350   6000  13600   5500  12000   2784  34950  29600
  11970   3700  14300  14700  18600  11600  10000  12700  10900   3630
  12850   7340  12650   3395  38200  20500   5103   3004  29050   7368
  18300  16100  17200  34400  10700  39500  43800  25300   8700  15248
  23100  12300  19600  14850   8028  31500  27900  42300  24450   3300
  27300  23800   7300   7800  13200   5400  10100   4936   8000   6100
   3900   3000   9500   6160]
Feature:
 avgDailyTruckTraffic
avgDailyTruckTraffic
[ 5 10  9 -1  0 15 20  3  2  6 60  4  1 25 40 30 50 18 11 24 35 13 22 21
 12 17 14 16  7  8 23 26 27 19 29 31 56 59 61 63 49 47 46 44 42 39 37 34
 33]
Feature:
 supNumberIntervention
supNumberIntervention
[0. 1. 2.]
Feature:
 subNumberIntervention
subNumberIntervention
[0. 1. 2. 3.]
Feature:
 deckNumberIntervention
deckNumberIntervention
[0. 1. 2. 3.]
Feature:
 latitude
latitude
[42062300 42064100 42063200 ... 42011800 42530600 42530000]
Feature:
 longitude
longitude
[ 96190100  96212200  96213200 ... 102573000 102590600 102582400]
Feature:
 skew
skew
[ 0 45 10 20 30 15 23  5 11 35 13 26 43 25 27 40 31 24 19 60 34  9 14 18
 22 36 32 38 42 21 17  8  6 28 44 50 12 33  7  1 55 37 56 48 63 57  2 49
 29 46 16 51  3 62 47 41  4 39]
Feature:
 numberOfSpansInMainUnit
numberOfSpansInMainUnit
[ 3  1  2  4  5  7 13  6 10  8  9 14 12 17 16 15 11 20 40]
Feature:
 lengthOfMaximumSpan
lengthOfMaximumSpan
[ 11.   20.7  21.3  14.3   8.7  21.4   7.3  12.2   8.8  17.1   9.4  15.2
  10.7  11.9  20.1   9.1  27.4   8.5  13.7  16.2  16.8  18.   18.3   5.8
  25.3   9.8  29.3  14.9  33.8   6.7  11.6  16.5  10.1  10.4   8.2   7.
  22.9   7.6  18.6  42.7  15.5  39.9  28.   17.7  12.8   7.9  14.6  24.4
  22.3  23.8  18.9   6.1   4.6  13.1  29.   13.4  11.3   3.    5.5  34.7
  30.5  24.7   6.4  30.2   3.7  19.8  45.7  24.1   4.   15.8  14.   53.3
   5.2  19.2  19.5  21.6  12.5  26.2  17.4  39.6  22.6  25.   85.3  31.4
  25.9  43.9  21.   38.1  29.9  35.1  36.6  27.1  23.2  23.5  25.6   4.9
  45.4  35.4  28.7  21.9  40.2  33.5  32.9   4.3  44.2  29.6  26.8  31.7
  49.1  20.4  26.5  32.6  37.2  36.   32.   30.8  28.3  43.3  34.1  48.8
   2.4  54.9  32.3  37.8   3.4  43.   40.8  57.   31.1  27.7  51.8  41.1
  36.3  39.   35.7   9.9 126.8  34.4  36.9  44.5  33.2  38.4  56.4  38.7
  69.5  68.9  49.4 101.5 122.5 128.   43.6  47.5  57.3  45.1  42.4  42.1
  41.5 129.5  46.   50.6  46.3  47.2  50.3  58.5 137.2  44.8 114.3  46.6
  37.5 160.   61.   76.2  79.2]
Feature:
 structureLength
structureLength
[  33.2   45.7   47.2   14.6    9.2   22.2   27.4   31.1    9.8   18.
   14.3   15.8   11.3    9.4   12.5   51.2   30.5   28.    12.8   41.8
   37.5   18.6   41.1   17.4   28.3   43.3   21.9   18.9   25.6   21.6
   25.    12.2   74.1   10.1   15.2   86.3   35.1    7.3   49.4   19.2
   17.1    8.8   11.    31.4   10.4   19.5   23.8   37.2    7.6   16.8
    8.2   16.2   93.    15.5  100.6   28.7   18.3    9.1   20.4   32.6
   70.4    7.9   21.3   24.7   42.7   63.7   57.     8.5   61.6   26.5
   39.6   24.1   29.6   51.5   29.9   80.2   22.9   13.4   14.9   74.4
   11.9   13.7    6.7   23.5   39.    34.1   52.4   10.7   24.4   11.6
   38.1    7.    14.    78.6   55.2   20.1   52.7   46.3   53.3   26.8
   40.8   27.7   29.    43.    40.2   49.1   23.2   46.    54.3   19.8
   75.   280.4   13.1   25.3   48.2   22.3  121.    67.7  278.    40.5
   36.9   36.6   64.9   79.9   44.5   38.7   91.4   81.7   26.2   58.5
   61.3   16.5   61.    30.8   29.3   49.7    6.1   35.7   78.    36.3
    6.4   33.5   21.    45.1   25.9   34.7   20.7  101.2   97.5   43.6
   46.6   53.    17.7   70.7   68.    39.9   42.1   56.1   56.4   32.
   54.6   54.9   32.9   60.4   55.5   36.    27.1  107.    95.4   77.7
   77.1   33.8   48.8   34.4   61.9   51.8   32.3   22.6   66.1   50.6
   31.7   41.5   45.4   47.9  277.4   30.2  107.9  123.1   42.4   50.
   35.4   65.8   92.4   38.4   69.2   64.6   53.9  107.6   44.2   71.3
   92.7   66.8   50.9  116.1  108.2   59.7  122.8   92.    58.8   95.1
   44.8   46.9   56.7   64.    43.9   39.3   93.3   91.7   37.8  196.
  214.3  193.5  166.1   77.4  183.8  256.3   75.3  130.5  159.7  199.6
  135.3  122.5  147.2  163.1   90.5  104.5  115.8   66.4  110.6   99.7
  138.1   69.5   68.3   85.    89.3   62.8   75.9   62.2   63.1  100.3
   50.3   52.1   96.6   80.5  378.6   98.5   83.8   90.8   62.5   98.1
   55.8  120.4  242.3  111.6   96.9  101.5  290.2  222.8  109.7   65.2
  116.7   73.8   84.7   74.7   99.1   68.9   76.8   78.3   59.1   76.2
   86.   104.2   81.1  282.9  291.4  169.8   89.6   89.9   87.8  108.5
   63.4   71.   173.4   60.    87.5   89.    75.6  107.3   95.7  259.7
   73.5  105.2  131.4  132.3  131.7   59.4   47.5   67.1   73.2   58.2
  111.9    9.9   72.5   48.5   53.6   71.6  133.8  113.1   72.8   82.6
  577.6  108.8   57.6  431.9   96.   121.9  158.5  171.   160.3   88.7
   99.4  141.4  249.6   78.9  110.9  119.2  208.2   88.4   65.5  175.9
  227.4   57.3  306.3   64.3  103.   274.9  235.   900.1   86.9  426.7
  748.3  110.   247.5   79.6  205.7  115.2  204.2  165.2  184.7  137.5
  214.   127.7  174.   387.1  391.1  604.4  157.    67.4   83.2  114.3
  168.2  168.6   84.4  278.3  430.7   71.9  307.8  245.4  109.4  213.4
  251.5   97.2  432.5  596.2  132.9  223.4  226.2  302.4  214.9  132.
  141.1   85.6  135.   471.2  169.2  128.6  132.6   70.1   91.1  540.4
  411.5  159.1  457.8  129.2  442.9  206.3  171.9  266.4   86.6  128.3
  128.   225.9  235.3  235.6  106.7  501.1  215.8  143.9  104.9  117.3
  752.2  146.3   72.2  352.7  352.   485.5  100.   171.6  124.1   94.5
  184.1  144.5  119.5  164.9  296.3  181.1  211.2  794.6  199.3   57.9
   87.2  580.   657.1  217.3  290.8  139.6  105.5  133.5   85.3 1335.
  196.3  246.3  201.8  153.    69.8  103.3  291.1  125.   600.2  514.2
  521.5  488.6  150.   156.1  216.4  220.4  183.2  183.5   76.5  125.9
  113.4  117.   230.4   80.8  143.3   79.2]
Feature:
 bridgeRoadwayWithCurbToCurb
bridgeRoadwayWithCurbToCurb
[ 7.3  9.8  6.1  5.9  8.5  4.   7.4  9.1  6.2  4.8  6.   7.2  8.6  8.4
  4.7  9.2  5.8  7.8  6.8  9.5  7.6  9.6  7.9  9.7  8.8  7.1  8.1  5.
  4.9  6.7  5.3  7.7  6.4  7.5  6.5  6.6  8.   5.5  5.4  8.7  5.2  8.2
  6.9  6.3  4.6  7.   4.5  3.7  9.   9.3 10.1 11.9  9.4  5.1 11.   5.7
  8.3  8.9  5.6 10.  12.3 10.8  4.4  4.3  3.9 10.2 10.4  4.2 11.4 20.8
 11.6 14.5 15.8 22.6 19.6  4.1 25.2 11.7 19.5 12.2 31.8  3.8 13.4 13.5
 13.6 11.1 10.9  3.6 24.4 23.  15.2 11.5 10.5 18.4 26.2 26.8 32.9 19.2
 12.  12.8 21.5 13.2 15.9 23.5 23.8 26.4 28.4 34.7 37.2 28.7 16.8 24.8
 17.5 22.8 11.3 20.1 18.1 14.6 12.1 10.3 21.2 13.3 32.4 15.5 12.4 12.5
 13.7 23.9 13.  33.8 30.2 29.9 10.7 17.1 20.4 11.2 21.6 21.9 13.1 14.3
 15.  14.  25.9 19.  18.9 14.1 12.9 15.6  9.9 18.3 16.5 36.9 37.  22.2
 32.6 54.3 23.2 24.2 19.7 12.6 22.1 33.4 46.8 25.6 16.4 20.5 26.5 20.7
 25.  30.  21.4 18.  16.9 18.7 13.9]
Feature:
 operatingRating
operatingRating
[31.4 49.5 52.4 52.5 54.4 43.5  7.5 22.  86.5 -1.  46.8 45.  21.6 27.
 12.6  0.  48.6 32.4 60.3 29.7 11.7 56.7 54.  19.8 31.5 28.8 10.8 42.3
 77.4 16.2  4.5  5.4 57.6 37.8  6.3 20.7 30.6 38.7 58.5 17.1 67.5  3.6
 72.9 70.2  9.9  9.  15.3  2.7 71.1 59.4  8.1 61.2 68.4 99.9 66.6 50.4
 25.2 24.3 34.2 18.9 47.7 41.4 13.5  7.2 33.3 52.2 39.6 45.9 63.  44.1
 75.6 18.  81.  23.4 76.5 88.2 27.9 62.1 65.7 84.6 22.5 78.3 55.8 43.2
 83.7 40.5 64.8 26.1 74.7 63.9 35.1 54.9 86.4 53.1 73.8 36.  14.4 36.9
 81.9 85.5 79.2 87.3 51.3 69.3 82.8 72.   1.8 80.1  0.9  2.  31.7 34.4
 58.9]
Feature:
 scourCriticalBridges
scourCriticalBridges
['6' '3' '8' '5' '4' '2' '0' '7' '9' '1']
Feature:
 lanesOnStructure
lanesOnStructure
[2 1 4 3 5 6 8 9]

 Optimal number of cluster (Elbow Coefficient):  4

 Centroids:  [[-6.52256027e-16  6.93889390e-17  3.74700271e-16]
 [ 5.23115578e-01  1.95979899e-01  2.22110553e-01]
 [ 4.85722573e-17  3.74213836e-01  1.00104822e-01]
 [ 6.24500451e-17  6.28930818e-03  3.54297694e-01]]

 Number of members in cluster: Counter({0: 7100, 1: 995, 3: 795, 2: 636})

ANOVA: 
                 Attribute      sum_sq   df             F  p-value
0   supNumberIntervention  131.946050  3.0  14282.186793      0.0
1   subNumberIntervention   61.770440  3.0   1559.146884      0.0
2  deckNumberIntervention   46.101109  3.0    885.736089      0.0

Tukey's : 

Multiple Comparison of Means - Tukey HSD, FWER=0.05
===================================================
group1 group2 meandiff p-adj  lower   upper  reject
---------------------------------------------------
     0      1   0.5259 0.001  0.5179  0.5339   True
     0      2      0.0   0.9  -0.008   0.008  False
     0      3      0.0   0.9  -0.008   0.008  False
     1      2  -0.5259 0.001 -0.5339 -0.5179   True
     1      3  -0.5259 0.001 -0.5339 -0.5179   True
     2      3      0.0   0.9  -0.008   0.008  False
---------------------------------------------------


Multiple Comparison of Means - Tukey HSD, FWER=0.05 
====================================================
group1 group2 meandiff p-adj   lower   upper  reject
----------------------------------------------------
     0      1   0.1918  0.001  0.1753  0.2084   True
     0      2   0.3779  0.001  0.3613  0.3944   True
     0      3   0.0047 0.8743 -0.0118  0.0213  False
     1      2   0.1861  0.001  0.1695  0.2026   True
     1      3  -0.1871  0.001 -0.2037 -0.1705   True
     2      3  -0.3732  0.001 -0.3897 -0.3566   True
----------------------------------------------------


Multiple Comparison of Means - Tukey HSD, FWER=0.05
===================================================
group1 group2 meandiff p-adj  lower   upper  reject
---------------------------------------------------
     0      1   0.2275 0.001  0.2085  0.2465   True
     0      2   0.0996 0.001  0.0806  0.1186   True
     0      3    0.358 0.001   0.339   0.377   True
     1      2  -0.1279 0.001 -0.1469 -0.1089   True
     1      3   0.1305 0.001  0.1115  0.1495   True
     2      3   0.2584 0.001  0.2394  0.2774   True
---------------------------------------------------


Cluster:  0
Mean Median Maximums Minimums StdDev  
=====================================
0.00 0.00   0.00     0.00     0.00
0.00 0.00   0.00     0.00     0.00
0.00 0.00   0.00     0.00     0.00


Cluster:  2
Mean Median Maximums Minimums StdDev  
=====================================
0.00 0.00   0.00     0.00     0.00
0.37 0.33   1.00     0.33     0.37
0.10 0.00   0.67     0.00     0.10


Cluster:  1
Mean Median Maximums Minimums StdDev  
=====================================
0.52 0.50   1.00     0.50     0.52
0.20 0.33   1.00     0.00     0.20
0.22 0.33   1.00     0.00     0.22


Cluster:  3
Mean Median Maximums Minimums StdDev  
=====================================
0.00 0.00   0.00     0.00     0.00
0.01 0.00   0.33     0.00     0.01
0.35 0.33   0.67     0.33     0.35


printing columns of X

deck
yearBuilt
superstructure
substructure
averageDailyTraffic
avgDailyTruckTraffic
material
designLoad
snowfall
freezethaw
latitude
longitude
skew
numberOfSpansInMainUnit
lengthOfMaximumSpan
structureLength
bridgeRoadwayWithCurbToCurb
operatingRating
scourCriticalBridges
lanesOnStructure
toll
designatedInspectionFrequency
deckStructureType
typeOfDesign

 Oversampling (SMOTE) ...

 Distribution of the clusters after oversampling:  Counter({0: 7100, 2: 7100, 1: 7100, 3: 7100})


            -------------- Performance of Entropy ---------------
            


 Best Kappa Values:  0.7190724655848102

 Best Accuracy:  0.7923591549295775

 Best Depth:  21

 Classification Report: 
               precision    recall  f1-score   support

           0       0.79      0.78      0.78      1413
           1       0.80      0.79      0.79      1406
           2       0.80      0.81      0.80      1398
           3       0.79      0.80      0.79      1463

    accuracy                           0.79      5680
   macro avg       0.79      0.79      0.79      5680
weighted avg       0.79      0.79      0.79      5680


 Confusion Matrix: 
 [[1096  112   93  112]
 [ 103 1106   95  102]
 [  73   89 1129  107]
 [ 117   75   95 1176]]

 Feature Importance: 
 {'snowfall': 0.0, 'freezethaw': 0.0, 'toll': 0.0, 'lanesOnStructure': 0.006947987926745354, 'designatedInspectionFrequency': 0.007455207500265567, 'designLoad': 0.010142713803800055, 'skew': 0.011808026921838188, 'numberOfSpansInMainUnit': 0.013290311110816027, 'avgDailyTruckTraffic': 0.014066044182651605, 'material': 0.014901678581070141, 'deckStructureType': 0.019124305950641785, 'typeOfDesign': 0.025181346607258726, 'lengthOfMaximumSpan': 0.03644315896000173, 'yearBuilt': 0.04293884063141585, 'structureLength': 0.04654248729189127, 'averageDailyTraffic': 0.053208958158613116, 'bridgeRoadwayWithCurbToCurb': 0.05780184425439255, 'latitude': 0.05873800324926556, 'scourCriticalBridges': 0.05901621953604603, 'operatingRating': 0.06133379051611251, 'longitude': 0.08153451268321948, 'substructure': 0.09683981529988091, 'deck': 0.10771886788807371, 'superstructure': 0.17496587894599996}


             ----------- Performance with GiniIndex ------------
             


 Best Kappa Values:  0.7018699954802141

 Best Accuracy:  0.7965492957746478

 Best Depth:  24

 Classification Report: 
               precision    recall  f1-score   support

           0       0.78      0.75      0.77      1413
           1       0.79      0.80      0.79      1406
           2       0.79      0.81      0.80      1398
           3       0.79      0.79      0.79      1463

    accuracy                           0.79      5680
   macro avg       0.79      0.79      0.79      5680
weighted avg       0.79      0.79      0.79      5680


 Confusion Matrix: 
 [[1057  120  101  135]
 [  98 1123  105   80]
 [  79   92 1134   93]
 [ 113   89  102 1159]]

 Feature Importance: 
 {'snowfall': 0.0, 'freezethaw': 0.0, 'toll': 0.0, 'lanesOnStructure': 0.006947987926745354, 'designatedInspectionFrequency': 0.007455207500265567, 'designLoad': 0.010142713803800055, 'skew': 0.011808026921838188, 'numberOfSpansInMainUnit': 0.013290311110816027, 'avgDailyTruckTraffic': 0.014066044182651605, 'material': 0.014901678581070141, 'deckStructureType': 0.019124305950641785, 'typeOfDesign': 0.025181346607258726, 'lengthOfMaximumSpan': 0.03644315896000173, 'yearBuilt': 0.04293884063141585, 'structureLength': 0.04654248729189127, 'averageDailyTraffic': 0.053208958158613116, 'bridgeRoadwayWithCurbToCurb': 0.05780184425439255, 'latitude': 0.05873800324926556, 'scourCriticalBridges': 0.05901621953604603, 'operatingRating': 0.06133379051611251, 'longitude': 0.08153451268321948, 'substructure': 0.09683981529988091, 'deck': 0.10771886788807371, 'superstructure': 0.17496587894599996}

 Saving decision trees 


 Plotting decision trees 

