
 state:  missouri_deep
Feature:
 deck
deck
['7' '5' '9' '6' '4' '3' '8' '0' '1' '2']
Feature:
 yearBuilt
yearBuilt
[1950 1997 1958 1999 1994 1987 1979 1996 1998 1965 1940 1952 1938 1900
 1937 1914 1932 1930 1969 1970 1951 1975 1973 1984 1985 1983 1964 1963
 1995 1923 1953 1966 1968 1967 1978 1976 1962 1991 2000 1974 2001 1960
 1915 1935 1920 1905 1988 1949 1980 1931 1993 1990 1981 1992 1989 1971
 1977 1945 1910 1908 1928 1918 1986 1926 1946 1972 1925 1947 1929 1917
 1948 1955 1927 1922 1982 1916 1959 1939 1956 1907 1874 2002 1936 1957
 1913 1954 1919 1921 1903 1944 1933 1901 1961 1896 1904 1912 1943 1934
 1911 1924 1906 1909 1902 1942 1941 2003 2005 2004 2008 2006 2007 2009]
Feature:
 superstructure
superstructure
['7' '6' '8' '9' '5' '4' '3' '2' '0' '1']
Feature:
 substructure
substructure
['7' '8' '5' '9' '6' '4' '3' '2' '0' '1']
Feature:
 averageDailyTraffic
averageDailyTraffic
[  75    5  100 ...  179 7297 1105]
Feature:
 avgDailyTruckTraffic
avgDailyTruckTraffic
[10 -1 22 16 12 28 24 14 35 21 11 23 37 34 17 15 33 25 52 58 53 19 13 18
 29 44 26 31 20 32  5 30  1  2  8  4  3 42 27 38 40  7 55 45 47  0  6 60
 62 50 54 49 48 41  9 39 46 51 70 36]
Feature:
 supNumberIntervention
supNumberIntervention
[0. 1. 2.]
Feature:
 subNumberIntervention
subNumberIntervention
[0. 1. 2.]
Feature:
 deckNumberIntervention
deckNumberIntervention
[0. 1. 2.]
Feature:
 latitude
latitude
[36561800 36590000 37011200 ... 37433249 37453487 37441334]
Feature:
 longitude
longitude
[90133000 90130000 90113600 ... 92102723 92033008 92044865]
Feature:
 skew
skew
[ 0 30 20 15 45 55 50 35 40 25 13 42 16 18 51 10 12 33  5 22 53  9 48 46
 26 43 19 36 17 39  6 27 24 23 21 11 34 14 52 28 31 29  2  7  8 32  1  4
 60 49 38  3 99 67 70 41 84 58 37 44 65 57 63 47 56 54 61 62]
Feature:
 numberOfSpansInMainUnit
numberOfSpansInMainUnit
[  2   3   1   5  16  10   6   4   7   9  12  17  15   8  24  20  26  13
  11  19 109 111  14  30  18  23  33  29  22]
Feature:
 lengthOfMaximumSpan
lengthOfMaximumSpan
[  4.3   9.1   4.   12.2   7.6   6.4  11.6  11.3  14.   45.7   3.2   3.
   3.3   9.8  10.8   5.7   8.1   7.9  16.   15.8  11.4   6.1  18.3  27.4
  55.1  55.7  20.4  15.1  24.    8.6  23.   13.8  29.3  42.7  22.9  21.9
  26.2  48.8  30.5  24.4   5.6  25.9  29.2  18.2   9.9  21.   41.4  21.3
  18.9  23.2  39.6  20.7  19.8  25.3  10.5  12.3  15.2  41.1   9.2  17.1
  19.5  36.6  28.   13.9  13.7  13.1  10.1  38.1  22.1  14.9  27.6  24.5
  28.6  12.1  18.4  18.   73.2  54.9  31.4  22.3  50.   21.5  40.5  26.3
  13.2  25.6  56.4  34.1  13.3  15.   25.    8.2  10.   19.3  22.6  32.4
  22.   27.   33.5  20.1  22.5  16.2  48.5  10.2  17.7  26.1  22.4  14.6
  36.3  14.1  37.1  29.4  28.9  68.   15.5  22.7  36.5  19.1  25.2  28.4
  20.   43.3  35.4  21.6  15.6  14.2  30.   11.1  16.5  28.5  17.   26.
  26.8  20.5  33.6  12.5  13.4  17.5  22.8  41.8  44.2 188.   61.1  17.2
  18.1  28.7  37.   29.   18.5  34.4  45.4  42.4  12.7  10.9 143.   11.9
   4.6  12.8  39.    8.8  31.6  11.    9.4   8.4   5.2   4.9   7.3  24.1
  31.1   7.    2.4  10.4   6.   31.7   5.5  10.7   5.8   3.7  61.    4.7
  18.6  17.9   8.5  11.7   1.2  24.2   6.2  12.9  16.8   6.7  24.7   9.3
  23.8  14.3  32.   41.5  37.2  28.3 182.9  40.2   7.2   2.7  19.2   2.9
  17.4   1.5   3.5   4.4  16.3   5.3  13.5  32.9 157.   14.5   3.8  10.6
  39.9  12.6  27.1   2.   16.4   7.5   3.4 168.4  18.7  30.2  30.4  38.7
  14.4   0.9  32.3  52.1  10.3  15.4  15.3   6.9  29.8   1.4   1.8  45.1
  13.6   2.1  26.5   8.7 280.4  16.6   2.5   0.8  15.7  11.5  21.8   7.7
  30.6  11.8   9.    4.1  51.8  23.3   2.6  23.5  35.1  46.   35.7   3.9
 129.5   3.6  19.   29.9   2.8   1.1 277.4  13.   12.    4.2   9.7  27.7
  42.1  15.9   8.9  19.4   4.5   6.5   6.6  16.9 250.3   2.3  29.6  21.7
  36.9  36.7  24.6  50.9  64.8  53.3  14.8  17.3  33.8  37.8  29.7  30.3
   7.1   2.2   5.1  31.5   5.9  32.6   9.5  14.7  30.8  49.1  35.6  48.2
  76.2  36.2   6.3  43.   21.1   6.8   5.    4.8  21.4  50.3  35.5   3.1
 126.2  36.    7.8  19.7  22.2  43.6  17.8  23.7  57.9  44.5 146.3  44.8
   8.3  47.5  37.5  34.7  55.2  29.1  53.9  16.7   9.6  23.4  42.8  46.3
  49.   33.2  69.5  19.9  53.   47.2  74.1  68.6  38.4 137.2  18.8  70.2
  39.3  20.8  45.6   8.   23.9  20.6  16.1  34.9  19.6  20.2   7.4  38.
  47.   52.7  34.   20.3  24.8  48.3 144.   26.4  43.1  95.1  25.7  27.5
  12.4  11.2  20.9  23.1  21.2  52.4  28.2  24.3 144.7  23.6  26.9  27.3
  25.5  25.1  17.6  39.5  70.1 140.2   1.9  27.2  26.7  67.2  67.1  25.8
  36.1  49.5   5.4  34.3  32.8 146.9 156.5 134.1  46.9 274.3 230.4 181.6
 190.5  33.7  58.5 164.6 140.1 293.5  55.8  27.8 195.1 350.5  26.6  28.1
  35.2  37.9  74.7  49.3  55.3  30.9 104.9  37.3  31.3  24.9  52.   61.2
  42.9  59.4  60.9  37.4  40.6  61.3  55.9  30.7  35.  144.5  80.5  34.2
 127.6 128.  213.4 141.1  40.  115.6 191.3 140.3  40.1  73.9  72.2 204.2
 187.8 167.9  36.8  58.2  50.2  37.7  45.8  38.9  33.4]
Feature:
 structureLength
structureLength
[  8.8  27.4  12.5 ... 119.8 164.6  14.2]
Feature:
 bridgeRoadwayWithCurbToCurb
bridgeRoadwayWithCurbToCurb
[ 3.   6.1  3.4  3.7  6.2  5.4  3.9  8.8  6.7  4.9  7.3  5.5  6.6  9.8
 19.  11.6 12.9 12.2 12.7 13.4 10.4 11.8  8.5  7.9 45.  18.6 11.4 21.3
 11.2  9.1  9.4 12.   8.6 10.6 10.8 10.  13.2 13.  12.6 10.3 20.7 11.
 14.9 16.2 14.4 14.  11.5 20.9 21.  23.9 25.3 13.9  8.4 10.1 12.5 17.1
 25.6 12.8 25.4  4.8  5.6  4.5  5.3  4.7  8.7  4.6  5.   4.   7.4  4.3
  5.9  3.6 17.7  6.   7.2 19.5  4.1  4.4  3.8  9.2 12.4  5.8  5.7  7.
  6.3  3.5  6.4  5.2  4.2  5.1  7.5  7.6  6.5  6.9  6.8  8.2 17.4 15.8
 21.9  8.1 15.2 32.9  7.7  3.3  3.2  3.1  9.   7.8  7.1  8.9 11.9 15.5
 15.3 11.7 23.8 11.3  9.6 13.1 16.7 12.3 15.  13.6  8.3 11.1  9.3 10.2
 12.1 18.9 14.3 14.6 22.5 14.8 14.1 24.4  8.  18.   9.7 30.7  9.9 18.7
 40.8 13.5 21.5 14.7 16.5 10.7 20.3  2.5 34.7 19.7 18.3 10.5  2.8 15.9
 28.  13.3 19.1 15.6 14.2 26.9 23.2 26.5 10.9 15.7 23.5  2.9 26.2 13.7
  9.5 16.9 19.6 19.4 27.4 25.2 25.  19.2 23.4 22.8 16.8 22.9 16.4 16.3
 15.1 16.6 20.1 36.3 18.1 21.6 17.  24.9 41.  22.6 24.6 24.  25.8 22.2
 20.4 18.5 24.7 20.2 20.  23.1 27.7 23.3 25.5 23.6 18.4 14.5 16.1 42.1
 16.  32.6 35.4 13.8 18.2 27.  38.6]
Feature:
 operatingRating
operatingRating
[49.5 51.3 36.9 22.5 63.  45.  59.4 45.9 48.6 36.  11.  28.  39.  23.
 16.  29.  21.  50.  24.  32.  43.  27.  53.  47.  51.  56.  35.  66.
 58.  70.  59.  34.  89.  26.  39.6 71.  41.  33.  13.5 38.  31.  44.
 46.  52.  37.  40.  30.  48.  49.  57.  61.  99.  90.  99.9 77.  72.
 68.  81.  85.  76.  78.  87.  83.  91.  54.  74.  88.  55.  69.  80.
 64.  84.  73.  42.  65.  96.  75.  86.  94.  79.  93.  82.  98.  97.
 60.  67.5  0.  62.  67.  16.2 21.6 34.2  9.  41.4 71.1 61.2 28.8  6.3
 18.  56.7 81.9 58.5 12.6 10.8 19.8  9.9 20.7 46.8 62.1 64.8 18.9 40.5
 31.5 44.1 25.2 35.1  5.4 30.6 69.3 38.7  8.1 63.9 75.6 82.8 53.1 77.4
 32.4 60.3 73.8 11.7 70.2 15.  25.   7.   3.6 26.1 65.7 24.3 86.4 33.3
  7.2  4.5 15.3 17.1 27.9 78.3 55.8 72.9 37.8 88.2 57.6 52.2 42.3 50.4
  6.  47.7 29.7 83.7 14.4 23.4 22.  43.2  4.  12.   5.  54.9 84.6  1.8
  3.   8.  68.4  2.7 66.6 85.5 87.3  0.9 76.5 74.7 19.  79.2 10.  20.
 80.1  2.  13.  17.  14.  95.  92.  89.1 90.9 93.6 94.5 91.8 95.4 98.1
 97.2 96.3 92.7 38.1 54.4 38.8 32.7 15.4 96.8  5.2 51.7 53.9 25.1 40.8
 42.2 36.3 13.1 12.7]
Feature:
 scourCriticalBridges
scourCriticalBridges
['8' '5' '6' '7' '3' '9' '4' '1' '0' '2']
Feature:
 lanesOnStructure
lanesOnStructure
[ 1  2  5  3 10  4  6  8  7]

 Optimal number of cluster (Elbow Coefficient):  4

 Centroids:  [[9.41807044e-02 7.73353752e-02 5.06891271e-01]
 [5.58620690e-01 5.06896552e-01 4.89655172e-01]
 [1.02998164e-02 7.14706072e-16 3.64291930e-16]
 [4.34516524e-02 5.12851897e-01 3.67197062e-03]]

 Number of members in cluster: Counter({2: 14709, 3: 817, 0: 653, 1: 145})

ANOVA: 
                 Attribute     sum_sq   df            F        p-value
0   supNumberIntervention  27.610345  3.0   385.782685  2.500058e-137
1   subNumberIntervention  32.239224  3.0   648.745934  3.265440e-184
2  deckNumberIntervention  36.170259  3.0  1055.534591  1.493375e-233

Tukey's : 

Multiple Comparison of Means - Tukey HSD, FWER=0.05 
====================================================
group1 group2 meandiff p-adj   lower   upper  reject
----------------------------------------------------
     0      1   0.4655  0.001  0.4188  0.5123   True
     0      2  -0.0621 0.0037 -0.1088 -0.0153   True
     0      3  -0.0448 0.0657 -0.0916  0.0019  False
     1      2  -0.5276  0.001 -0.5743 -0.4808   True
     1      3  -0.5103  0.001 -0.5571 -0.4636   True
     2      3   0.0172 0.7519 -0.0295   0.064  False
----------------------------------------------------


Multiple Comparison of Means - Tukey HSD, FWER=0.05
===================================================
group1 group2 meandiff p-adj  lower   upper  reject
---------------------------------------------------
     0      1   0.4207 0.001  0.3817  0.4596   True
     0      2  -0.0897 0.001 -0.1286 -0.0507   True
     0      3   0.4241 0.001  0.3852  0.4631   True
     1      2  -0.5103 0.001 -0.5493 -0.4714   True
     1      3   0.0034   0.9 -0.0355  0.0424  False
     2      3   0.5138 0.001  0.4748  0.5527   True
---------------------------------------------------


Multiple Comparison of Means - Tukey HSD, FWER=0.05
===================================================
group1 group2 meandiff p-adj  lower   upper  reject
---------------------------------------------------
     0      1  -0.0483 0.001 -0.0806 -0.0159   True
     0      2  -0.5241 0.001 -0.5565 -0.4918   True
     0      3  -0.5207 0.001  -0.553 -0.4883   True
     1      2  -0.4759 0.001 -0.5082 -0.4435   True
     1      3  -0.4724 0.001 -0.5048 -0.4401   True
     2      3   0.0034   0.9 -0.0289  0.0358  False
---------------------------------------------------


Cluster:  2
Mean Median Maximums Minimums StdDev  
=====================================
0.01 0.00   0.50     0.00     0.01
0.00 0.00   0.00     0.00     0.00
0.00 0.00   0.00     0.00     0.00


Cluster:  1
Mean Median Maximums Minimums StdDev  
=====================================
0.56 0.50   1.00     0.50     0.56
0.51 0.50   1.00     0.00     0.51
0.49 0.50   1.00     0.00     0.49


Cluster:  0
Mean Median Maximums Minimums StdDev  
=====================================
0.09 0.00   0.50     0.00     0.09
0.08 0.00   0.50     0.00     0.08
0.51 0.50   1.00     0.50     0.51


Cluster:  3
Mean Median Maximums Minimums StdDev  
=====================================
0.04 0.00   0.50     0.00     0.04
0.51 0.50   1.00     0.50     0.51
0.00 0.00   0.50     0.00     0.00


printing columns of X

deck
yearBuilt
superstructure
substructure
averageDailyTraffic
avgDailyTruckTraffic
material
designLoad
snowfall
freezethaw
latitude
longitude
skew
numberOfSpansInMainUnit
lengthOfMaximumSpan
structureLength
bridgeRoadwayWithCurbToCurb
operatingRating
scourCriticalBridges
lanesOnStructure
toll
designatedInspectionFrequency
deckStructureType
typeOfDesign

 Oversampling (SMOTE) ...

 Distribution of the clusters after oversampling:  Counter({2: 14709, 1: 14709, 0: 14709, 3: 14709})


            -------------- Performance of Entropy ---------------
            


 Best Kappa Values:  0.9063384210591354

 Best Accuracy:  0.9272725368858985

 Best Depth:  22

 Classification Report: 
               precision    recall  f1-score   support

           0       0.93      0.93      0.93      2947
           1       0.97      0.98      0.97      2964
           2       0.91      0.88      0.90      2919
           3       0.91      0.92      0.92      2937

    accuracy                           0.93     11767
   macro avg       0.93      0.93      0.93     11767
weighted avg       0.93      0.93      0.93     11767


 Confusion Matrix: 
 [[2731   38  111   67]
 [  23 2911   13   17]
 [ 126   36 2581  176]
 [  69   26  132 2710]]

 Feature Importance: 
 {'freezethaw': 0.0, 'toll': 0.0, 'snowfall': 6.342079371535e-05, 'designatedInspectionFrequency': 0.004990688166179336, 'typeOfDesign': 0.011801167319845233, 'lanesOnStructure': 0.012361480934006719, 'avgDailyTruckTraffic': 0.017295031439991303, 'designLoad': 0.02065693962332994, 'skew': 0.02161818377784065, 'material': 0.02205351820880528, 'scourCriticalBridges': 0.027101983838371358, 'numberOfSpansInMainUnit': 0.027862467907338262, 'lengthOfMaximumSpan': 0.027930766762888568, 'operatingRating': 0.03799452218697324, 'structureLength': 0.04414004403008247, 'latitude': 0.044225485203243244, 'averageDailyTraffic': 0.04770225605150751, 'deckStructureType': 0.05137370374378884, 'yearBuilt': 0.05148880873724587, 'longitude': 0.0517975404929244, 'superstructure': 0.055440527409012286, 'bridgeRoadwayWithCurbToCurb': 0.05617256489188106, 'substructure': 0.17425650791460226, 'deck': 0.19167239056642685}


             ----------- Performance with GiniIndex ------------
             


 Best Kappa Values:  0.8951394228597441

 Best Accuracy:  0.9214596487301563

 Best Depth:  29

 Classification Report: 
               precision    recall  f1-score   support

           0       0.92      0.92      0.92      2947
           1       0.97      0.98      0.97      2964
           2       0.90      0.88      0.89      2919
           3       0.90      0.91      0.91      2937

    accuracy                           0.92     11767
   macro avg       0.92      0.92      0.92     11767
weighted avg       0.92      0.92      0.92     11767


 Confusion Matrix: 
 [[2710   33  118   86]
 [  32 2894   24   14]
 [ 132   29 2558  200]
 [  78   22  157 2680]]

 Feature Importance: 
 {'freezethaw': 0.0, 'toll': 0.0, 'snowfall': 6.342079371535e-05, 'designatedInspectionFrequency': 0.004990688166179336, 'typeOfDesign': 0.011801167319845233, 'lanesOnStructure': 0.012361480934006719, 'avgDailyTruckTraffic': 0.017295031439991303, 'designLoad': 0.02065693962332994, 'skew': 0.02161818377784065, 'material': 0.02205351820880528, 'scourCriticalBridges': 0.027101983838371358, 'numberOfSpansInMainUnit': 0.027862467907338262, 'lengthOfMaximumSpan': 0.027930766762888568, 'operatingRating': 0.03799452218697324, 'structureLength': 0.04414004403008247, 'latitude': 0.044225485203243244, 'averageDailyTraffic': 0.04770225605150751, 'deckStructureType': 0.05137370374378884, 'yearBuilt': 0.05148880873724587, 'longitude': 0.0517975404929244, 'superstructure': 0.055440527409012286, 'bridgeRoadwayWithCurbToCurb': 0.05617256489188106, 'substructure': 0.17425650791460226, 'deck': 0.19167239056642685}

 Saving decision trees 


 Plotting decision trees 

