
 Printing Centroids:         states     subNumInt    deckNumInt     supNumInt
0    nebraska  0.000000e+00  1.380840e-15  3.461356e-02
1    nebraska  5.117866e-01  7.816377e-02  1.153846e-01
2    nebraska  5.331126e-01  3.703091e-01  3.515453e-01
3    nebraska -1.387779e-17  3.749535e-01  1.111111e-01
4      kansas  3.480947e-01  1.953313e-01  1.438380e-01
5      kansas  1.182033e-03  3.439716e-01  6.067770e-02
6      kansas  3.434752e-16 -3.989864e-16 -3.989864e-16
7      kansas  8.754542e-02  4.955401e-03  3.445656e-01
8     indiana -9.714451e-17  2.127392e-02 -1.137979e-15
9     indiana  5.189274e-01  1.666667e-01  2.323870e-01
10    indiana -9.714451e-17  5.848359e-02  3.416551e-01
11   illinois  4.255735e-03 -7.459311e-16  3.521489e-16
12   illinois  6.666667e-01  1.000000e+00  0.000000e+00
13   illinois  1.000000e-01  1.000000e+00  3.000000e-01
14   illinois  1.000000e+00  1.250000e-01  7.500000e-01
15   illinois  4.555556e-02  5.000000e-01  1.387779e-17
16   illinois  2.375602e-01  1.805778e-01  5.008026e-01
17       ohio  1.280588e-02  2.907397e-15  2.581269e-15
18       ohio  3.763369e-01  3.633021e-01  5.276292e-01
19       ohio  6.164530e-02  2.631410e-01 -3.330669e-16
20       ohio  1.299910e-01  1.120953e-01  3.465228e-01
21  wisconsin  8.859573e-03 -3.087808e-16 -8.812395e-16
22  wisconsin  1.013723e-01  3.469447e-18  5.092961e-01
23  wisconsin  2.516779e-01  5.151007e-01  5.285235e-01
24  wisconsin  6.286187e-02  5.086849e-01 -6.938894e-18
25   missouri  1.131063e-02  4.787837e-16  9.020562e-16
26   missouri  6.562500e-01  9.375000e-01  7.187500e-01
27   missouri  4.982818e-02  5.000000e-01  4.163336e-17
28   missouri  1.000000e+00  1.578947e-01  2.631579e-01
29   missouri  2.083333e-02  1.000000e+00  1.250000e-01
30   missouri  1.784188e-01  1.469017e-01  5.053419e-01
31  minnesota  9.078212e-02  4.329609e-02  5.139665e-01
32  minnesota  1.040834e-16  7.898784e-03 -3.920475e-16
33  minnesota  5.217391e-01  1.340580e-01  7.246377e-03
34  minnesota  5.192308e-01  5.384615e-01  5.192308e-01

KappaValuesTable: 
       state      gini   entropy
0   nebraska  0.681573  0.693394
1     kansas  0.797297  0.803388
2    indiana  0.707915  0.715475
3   illinois  0.897296  0.907828
4       ohio  0.499248  0.499714
5  wisconsin  0.846272  0.852858
6   missouri  0.869312  0.865393
7  minnesota  0.911020  0.912888

AccValuesTable: 
       state      gini   entropy
0   nebraska  0.767298  0.770397
1     kansas  0.839767  0.843961
2    indiana  0.801460  0.803021
3   illinois  0.942507  0.945132
4       ohio  0.729423  0.734457
5  wisconsin  0.882918  0.888471
6   missouri  0.935401  0.937801
7  minnesota  0.922760  0.927093
