
 state:  minnesota_deep
Feature:
 deck
deck
['7' '8' '6' '5' '4' '9' '3' '0' '2' '1']
Feature:
 yearBuilt
yearBuilt
[1909 1938 1913 1963 1964 1976 1978 1986 2000 1962 1935 1993 2006 1979
 1990 1967 1991 1980 1981 1933 1968 1984 1996 2001 2005 2002 1960 1966
 1970 1969 1974 1977 1983 1995 1998 2003 2004 1961 1975 1982 1988 1987
 1989 1994 1999 1992 1972 1971 1997 2007 1965 1973 1985 2008 1949 1955
 1947 1954 1957 1958 1959 1939 1914 1915 1911 1916 1918 1917 1936 1901
 1932 1956 1930 1920 1931 1912 1923 1922 1919 1924 1887 1929 1953 1921
 1927 1925 1902 1941 1926 1937 1951 1940 1928 1934 1952 1942 1950 1948
 1877 1908 1943 1900 1944 1946 1945 1904 1907 1910 1903 1890 1897 1905
 1906 1895]
Feature:
 superstructure
superstructure
['7' '8' '6' '5' '9' '4' '3' '0' '2' '1']
Feature:
 substructure
substructure
['6' '7' '8' '5' '3' '2' '9' '4' '0' '1']
Feature:
 averageDailyTraffic
averageDailyTraffic
[   760    510    265   1050     70    150    400    300     30      1
     20     25     10     40    100      5     50   1250   1350   2450
   8400   5000   1750    790    840   1400   4950   1200   2900    610
    140    205     60   1150    485     75     90    440    770     55
    590    185    105     32     80    196   8000   5300   8025    845
    165   1600   7149  14330   7083   4650   4887   3964    572   5713
   9836  13581  18210  16405   4603  16454   8998  11139    430   1500
  12017  15948   3000     12   1300      8     34    910   4850  11200
    620    650   1850    950   1800   2050    310     93    267   2500
   1222  12500  21100   4350   4750    260    920    810    435    330
    475    830    480    850    170    455     85   3150     45     44
     18  12300   1450    350    160   2150    980  19000   1363  34000
    360   2600   2800  10600   9500  19700   2200     16    285   1100
    215     35     36     56    405    395     28   6700    325    425
    960    470    340    520     46    465    680    195    630    355
     24    111     31     29   4000    180   1700  16100    283   7500
   3750    570    190     65    490   2750    640    375   5700     71
     41   2100    201     87    108    220     68   1901    580     49
   1950   8600  13200   3250     15     19     52      6     47      3
    450   3050    120    275     48     38   5400     99   4400    321
    545  15000   7850  13500  21200 180010  15800   7800  17800  13000
   5200    125    420     86     76   8100   2650    250   8700   5500
    990    690    870    740    175    335    270   4600    365    144
    295   6400   1650   4500     23   5850     26    109      9     21
     22     67    410     57     58     91  15100    880    115   2000
   2250   7550   6300   2300  23400     82    255   3500     39     27
    230   1550  12000   2950   9250   3100    155    700    135    720
    750    780  11700    820     42    210     95    240     13    390
   3400   8900   5600  14600   5100   7200    280    530   4740  32000
   5900   9800   6500  10700   9200   4050   4800  14800    200    710
     97     62  24500   4150   3550   1220    370    970    600   1000
     53    110   2710    460   3850   2700   7900   1514   7100   2850
     77    130     66    113     54   2175   4100   3600    540   3800
    320   1900     72    380    445    930     92    971   4900  15400
  15500  12700   7300    305    345     73     43   3450  10350   9000
      4   8750   8450   7400     33    145    245    500    235     79
     89    128    104  19750  22500  22000   9620  23000 102000  10015
  37000  42000  18100  46000  86500 154000   2687    789    938  17600
   8925   5032  13600  10200   7472   8748  15200  10900  18800    656
   6800  83000  17500  26800  20400   2085  19900   6250  18300  23500
    735   4475  13900   2575   1717    315   8500   1991   3700  12900
 126000   5515  71000  60000  48500  36500  24452  47500    900  11400
  15300  12800    771  29000   2307   8200   1375  13300   4707    800
  45000  10500   2550   7600   4300    860    415    292    162    940
   3900   2400   6350   3950    560    890    385    286    670   2425
      2   6900     14    290   9300    660     94     63  22900   1575
     51   4250     17    225    476  42500   6000   3300   4700   3200
   4200    244  13100     81   4550  44000    889   5800  18000    339
   4450  17000     11     61    550   6100   6050   5450   9400   7000
  14100    730   2350    118     64   3650     37    926  26000   8300
   9100  14500     78    495      7  10300     59  10150  14700  25000
  10800  16500 113001   4176   4396  18500   7700  10450  12100   8800
  25500  18900   2814    158    112    243  12600    137   1999   8405
    134    625    314    266  11300   3350  68000  10100  10950   7950
  32500  11900 109000   6200   5981   4075  75000     88    467   1216
   2075  20600  10400   9600    117  16300  14400  15600     96   9578
  11000  14000  22300     69    148    129   5050  19500  20900  11850
  10250  12250  19400   1320   8420    306   1236  24300  14200   2946
  13400    114   1837    537    146   5750   3360  13800    232  17900
    443   2534   9700   1049    619  11500     84     74  41000  44500
  89000    163    103     83    535  28000   4125    784  13862  31000
    427  21500   5150  30000  12400    218  49500  43000   3902    912
   1479    693  56000   2557 167000   9650  47000   2852  67000  81000
   6150    493    124   1169   2811   6971   3911    872   1040    412
    975]
Feature:
 avgDailyTruckTraffic
avgDailyTruckTraffic
[ 8 15 13 10 20  5 -1  9  6  3  2  7  4  0 18 23 11  1 22 26 14 17 19 16
 12 33 31 25 21 32 28 62 36]
Feature:
 supNumberIntervention
supNumberIntervention
[1. 0. 2.]
Feature:
 subNumberIntervention
subNumberIntervention
[1. 0. 2.]
Feature:
 deckNumberIntervention
deckNumberIntervention
[1. 0. 2.]
Feature:
 latitude
latitude
[47254800 44011896 45012910 ... 47564400 47564337 47571462]
Feature:
 longitude
longitude
[94032400 95472832 95475208 ... 93455310 93475187 93525400]
Feature:
 skew
skew
[ 0 45  5 55 10 15 20 25 30 19 37 12 33 57 50  8 40 17 35 27  7  3 13  1
 60 18 22 26 14  6  2 23 36 32 16 39 43 28 38 41 11 24  9 34 58 29 49 48
  4 54 53 42 31]
Feature:
 numberOfSpansInMainUnit
numberOfSpansInMainUnit
[ 6  5 12  7  2  1  3  4 13 11  8 10  9 14 49 18 15 16 19]
Feature:
 lengthOfMaximumSpan
lengthOfMaximumSpan
[  8.5   9.1   6.    3.4  18.3  23.8  22.9  25.3  13.8  14.9   5.8   9.4
   8.4   5.5   6.4   6.7  10.7  18.    7.   25.   29.    9.   12.   21.
  23.   30.   16.    8.   22.   14.   10.   15.   20.   13.   15.4  32.5
   7.6   7.3   7.9  20.8  32.1  19.8   6.1  19.5  19.7  15.5  40.7  30.5
  20.4  12.8  26.5  15.7  21.2   8.3  14.3  15.2   9.8  26.8   9.5  13.7
  28.   27.5  27.7   7.7  21.3  18.6  28.3  27.4  16.6  26.3  34.6  28.2
  17.2  29.6  13.4  42.7  39.6  17.5   9.7  48.2  10.5  13.9  18.9  36.6
   9.6  15.9  20.1  15.3  33.4  89.9  23.9  52.1  22.7  36.   85.4  37.4
  26.7  36.9  31.2  31.3  52.4  25.9  25.6  17.4   5.9   8.2  11.3  14.6
  17.1   8.7  20.7  16.5  12.7  17.6  11.4  12.6  23.6  16.2  13.2  11.6
   8.8  10.1  18.5  32.7  45.7  35.   10.9  38.6  23.4  10.4  24.1  19.
  12.5  10.8  20.5  44.2  19.3  19.1  23.5  27.1  33.3  31.1  35.3  65.1
  12.4  40.4  31.6  42.8   5.7  17.    3.3  18.2  10.6  12.1   4.5  11.5
  17.9  10.3  25.2  24.3   5.1  35.1   7.8  11.8  28.9  40.2  19.9  34.1
  39.7  41.8  12.2  17.3  14.5  51.8   9.3  46.   46.1  30.8  46.5  13.1
  21.9  29.4   9.2  24.4  28.7  11.9  32.   13.6  22.3   7.5  21.4  14.7
  19.4  15.6  33.5  19.2  29.3   6.9  23.2   6.8  10.2   8.9  11.    6.6
  28.5  30.3  27.   32.3  61.   30.4  38.1  22.6  11.1  12.3  11.7  50.6
  13.3  43.7  25.7  20.6  15.8  21.6  29.9  25.5  25.1  28.4  24.2  27.6
  15.1  24.7  14.1  18.1  31.9  20.3  32.6  18.7  14.4  17.8  25.4  43.9
  14.8  17.7  21.5  16.8  24.   32.9   7.2  16.7  16.4  41.1  31.7  23.3
  33.6  36.2  39.   26.   35.4   7.4  24.8  26.6  31.4  16.1  11.2  72.1
 132.6   5.   16.9  24.6  29.2   6.2  22.5  21.8  33.2   7.1  26.2  22.1
  29.7  13.5  37.2  23.1  18.8   4.6  39.8 153.6 151.9  28.1  36.3  77.1
  32.4  37.5  71.9  79.2  80.5  81.1 190.5  57.9  60.7  30.1  88.5  34.
  20.9  29.8  36.7  37.8  46.2  35.9   8.1   4.9   5.2   5.4   5.6  19.6
  31.5  31.    6.3  12.9   9.9  21.7   6.5  22.2  25.8  54.9  73.2  23.7
  22.4   8.6  99.8  26.4  42.4  43.1  38.2  22.8  20.2  47.1  46.9  36.8
  27.8  34.3  92.7  14.2  33.1  34.5  28.6  18.4  63.5  43.8  35.5  85.
  16.3  47.   59.8  30.9  30.6  29.1  32.8  33.8  37.3  49.5  68.6  42.9
  45.1  27.2  26.1  26.9  38.3  37.9  49.4  87.8  53.9  34.7  53.3   4.4
 156.7 137.2  68.3  30.7  29.5  37.   53.   48.8 169.3 158.5 120.9 103.6
  40.8  42.   39.9  35.7  35.6   4.3  47.9  36.1  38.8  75.9 152.4  58.8
  27.9  37.6  30.2  43.3  59.4  50.   24.5  67.1  33.9  82.9  47.5 105.3
  65.5  51.4  54.3 143.3  62.6 118.9 142.   41.5  32.2  42.1  47.4   3.6
   3.7   3.8  56.1 182.9 131.7   4.2  36.5   5.3   4.7  91.4   4.8 103.7
  96.1  58.7 109.7 110.3   3.    2.7   4.    3.2 117.6   2.9]
Feature:
 structureLength
structureLength
[  51.5   45.9   55.2   72.7   22.8   36.6   24.4  102.7   51.8    9.8
   41.4   15.2   17.4   21.8   17.1   19.8   20.4   12.2   37.8   11.9
   18.9    8.    25.    98.    66.    72.    88.    47.    19.    61.
   49.    18.    32.    44.   111.    16.    24.    35.    14.    29.
   37.    21.    40.    15.    74.   119.1    8.2    7.9   23.8   72.8
   83.9   20.5   23.7   99.7   20.7   21.9   18.3   21.1   20.3  164.6
   32.3    7.4   13.4   27.9   31.8   22.3   30.1   62.3   19.5   27.7
   29.3   13.6   18.7   66.3   41.1   56.7   60.3   60.8    9.4   28.4
   22.9   16.5   42.7   57.8   93.1   55.7   29.2   67.5   51.1   53.1
   35.1   30.9   18.1   31.    36.7  521.4   27.4   42.3   17.5   24.9
   24.7   19.1   19.3    9.9  175.    28.7   19.4  357.5   25.3   27.6
   39.    37.5  134.6  395.7   65.4   96.7  296.4   79.9   23.5  109.4
  165.9  109.6   80.2   96.4  126.7  126.8  284.3   53.2   28.9   28.5
   23.    41.5   24.8   28.6   67.7   45.6   79.6   25.1   38.3   38.1
   33.9   47.9   15.7   40.1   44.9   19.2    9.5   54.4   43.5   51.9
  187.9   28.3   26.2   80.6   59.9   73.    38.2   46.    72.5   49.2
   39.7   30.2   30.     9.6   35.7   37.6   80.    26.8  215.4   20.6
   99.2  135.2   73.5  153.9   40.4   23.9   23.2  151.2  155.1   48.2
    7.3   60.7   11.    96.1   64.9   76.5   51.3   29.6   63.   182.5
   58.    45.1   85.9   99.5   36.4   62.4   34.    26.7   31.6   37.1
   30.7   37.9   30.6  107.2   36.    28.1   68.    30.4  160.8  303.5
   44.2   14.3    6.    17.    15.8   14.6   56.    10.9    7.     6.4
    7.6   12.1   16.1   23.4   18.5   15.5   18.8   11.8   11.5   33.2
   43.4   28.8   24.3   29.7  162.2   34.1   21.5  148.    43.2   32.6
   53.3   94.5   53.4   81.5  154.8   65.7   47.3   22.5  138.6   31.2
   31.3   10.1   65.    64.1   78.2   76.7   13.    12.5   22.4   33.7
   42.2   22.7   42.4   10.2   31.7   16.6   87.    75.5   92.3   19.9
   29.9   25.8   16.9   10.7  120.9   58.1   30.3  170.6   57.9   30.8
    8.1   50.6   20.9   23.3   17.7   23.6   21.3   24.1   34.3   14.5
   39.6   18.6   33.6   28.2   34.6   22.    32.2   29.4   25.5   32.8
   85.6  245.9   13.7   80.9   61.3  120.3   38.4  181.9  191.3   52.3
   69.4  106.3   37.2  152.4  199.    69.   310.9  119.   291.   159.6
   14.1   19.7   27.8   27.1   25.2   25.6   69.8   14.4    9.7   63.4
   84.8   44.5    6.7   46.6   24.6   56.2   31.5   79.7   35.4   59.7
   72.3   57.3   54.8   66.1  168.6   32.7   17.8   21.7   61.1   39.3
   10.4    7.8   82.9   47.8  104.9   39.9   41.9    6.8   14.7   34.9
   59.5   26.3   41.6   54.7   17.3   24.2  117.2   28.    15.1   46.5
   31.9   35.2   26.4   27.3   54.9   33.4   54.3   48.9  176.9   36.9
   22.6   31.4   30.5   63.6   53.6   38.9   20.1   29.5   20.8   15.9
   76.2   15.4    8.9   11.6   48.8   43.3    7.7   20.2   12.4   32.9
   16.4   10.5   86.9   25.4   37.3   42.8   29.1   68.3   95.    22.2
   27.2   75.1   12.6   15.6   17.2   45.7  189.8  189.    66.9   47.7
  101.5  159.9  110.   218.1   41.2   26.6  106.1   26.5    8.3   75.9
   13.2  122.3   23.1   64.    42.6  103.7   44.1   51.4   34.5   33.1
   25.7   54.    13.9   25.9   36.2   52.8   71.9   56.1   43.7  105.3
   46.2   79.1   35.3   26.9   46.8   74.4   34.8   62.8   39.5   51.2
   33.    12.   575.4  321.4   11.3   52.6   50.8   50.2   20.    18.4
    7.1   95.1  388.6   13.1   16.2   40.5   36.3   45.3   63.1   34.7
   89.    72.4  126.6   85.3   58.4   16.3   95.6  104.2   10.    62.9
  105.5   60.5   55.9   42.    60.2   44.7   32.5   70.3   44.4   50.5
   38.6   26.    36.8   21.4   40.3    8.5   14.8   79.2   79.4   96.9
  223.8  404.3  278.    22.1  394.9  371.9  374.2  169.5   97.7  126.1
  116.7  442.1   63.7   98.3  897.   134.5   12.9   89.6  261.1  287.7
 1782.6 1784.7  316.   102.1  163.1  236.6   91.4  656.2   77.7  204.8
  132.    36.5   12.3  105.9  219.9   14.2  203.5  103.2   59.2   39.8
   93.9   52.2   97.8   62.5  121.6  130.1  232.   137.9   76.    56.8
   36.1   47.6   50.9   42.5  144.9   37.4   12.8   17.6    9.1   24.5
    8.7    8.8   70.    80.5   64.8   99.4   77.6   33.5   58.8   78.9
   96.    95.3   13.5   68.9  124.    92.4   74.9   80.3   68.7   89.8
   17.9   11.4   33.3   38.7   66.6   34.4   67.    49.4   39.4   43.6
   56.3   69.3   21.6   40.6   52.7   91.2   59.1   41.    89.7   56.6
   44.3   34.2   58.9  399.5  634.   158.3   44.8   48.5   16.8   52.4
   60.6  464.4  134.1  289.2   40.7   66.4  142.   186.8  180.7  128.1
  195.4   59.6   58.5   45.2   40.8   86.1   11.1    9.3   58.7   35.5
   37.7   48.6   51.7  174.5  164.3   86.    84.2   93.3   18.2  138.4
   49.1   33.8   51.    31.1   21.2  147.5  196.  1253.8   48.    45.8
   75.    43.9   27.    39.2    8.6  109.3   41.3   53.    52.5   45.
  123.4   46.7  138.8   46.1   43.1   87.3  303.3   90.2    6.9   38.
   15.3   41.8   40.2   46.9   49.9   35.9   49.6   10.6  321.    38.8
  183.7   48.1   26.1   32.1   11.2   67.8   57.1   57.    57.6    7.2
   85.1  304.   120.4   55.   122.6   14.9   73.9  128.   125.6   71.4
   77.1   47.5   93.5   75.6   61.9   75.3   64.6   61.6   48.3   39.1
   64.7   40.9   61.7   35.8   35.6  192.2   82.3   32.4   47.2  172.7
   29.8  260.8   95.9   57.2  289.9   67.2   48.7  457.2  109.7  136.7
   45.4   56.9   87.8   38.5   83.8   55.6  136.9   59.3   54.2   53.7
   50.7   70.6   55.5   69.5   68.6   69.2   80.7   70.8   66.7   81.4
   78.5   71.6   82.2   49.8   68.8   89.3   83.2   64.5   65.8  122.8
  115.2   13.3  191.   110.3   67.6  184.5  113.5  136.2    9.2   53.8
   68.2   60.1  167.9   74.7   97.2  566.1  697.5   45.5  166.3  113.7
  307.3   11.7  440.6   93.6  100.   297.2   71.3  373.6  255.5  240.7
  369.   210.5  129.1   19.6  452.2  844.2  381.8  428.6  225.2  205.4
   43.8   50.   190.4   41.7  100.9  113.2  105.8   62.   108.1   58.6
  113.8   49.7   16.7  113.1  348.5  124.6  105.6  123.7  170.2   64.2
   49.5  174.1  322.5  121.7   94.7   57.5  130.8   74.1   76.6   50.4
   80.1   89.9 2536.   434.7  805.3  149.4  258.4   52.1   74.3   76.4
   79.    77.    53.9   78.4  100.1   77.3  106.    88.3   10.8  108.6
   88.5   74.2    8.4   50.1  248.5  132.5  127.4  101.4  833.9  832.8
  210.9  354.5  248.4   76.1  172.1  184.    86.6  140.2   66.8  230.7
   46.4  306.4   63.3   62.2   95.4   42.1   57.4   73.3   61.5   61.2
   86.5   55.8  128.2  320.3   70.1   94.4  271.    78.6  233.8   74.5
   46.3   69.1   74.6  357.    55.4    7.5   49.3   48.4   63.8   50.3
  750.4  117.8  166.1  147.2   65.5  161.8   52.    88.9   44.6  208.4
  726.   576.6  106.7   73.7   80.8   97.5  120.7  119.8   88.4  129.5
   89.2  215.1  137.2   43.    54.5   51.6   27.5  154.4    9.    58.2
  125.   286.8 2432.3  435.5   92.1  497.1  249.3  396.   396.2  384.4
  485.9  241.5   99.3  172.6 1374.3 1339.2   13.8   68.5  365.3  759.
  305.2  344.7   94.2  725.8  391.7  102.2 1572.5 1580.3 1026.    10.3
   12.7  152.9    6.2]
Feature:
 bridgeRoadwayWithCurbToCurb
bridgeRoadwayWithCurbToCurb
[11.   9.8  3.2  7.3  9.1  9.7  9.9  9.6  7.5  7.9  3.4  6.2  3.7  3.8
 13.  14.  17.  15.  12.   9.  10.   6.   7.  12.2 13.4  8.6  8.7 16.
 13.6 16.7 20.7 17.1  4.8 22.9 24.   8.   8.5  8.8 12.6  8.9  9.4 10.3
 12.4 10.8 24.4 14.4 14.6  9.3 11.3  9.2  7.4 11.2 12.8 26.2 14.3 18.7
 26.8  8.4  8.1  7.1 13.8 13.2 10.9 15.5 11.8 16.2 23.2 22.8  6.7  0.
  4.3  8.2  4.2  4.4 10.4 11.6 21.9 12.3 11.7 16.8 20.4 18.3 14.2 17.7
  5.4 20.1  5.2 18.   4.6  5.5  5.3  7.2  7.6  8.3  9.5 19.  15.8 17.5
 12.7 11.9 11.5 10.6 11.1 16.1 10.1  7.7  4.9 25.2 10.5 12.5 25.7 13.3
  5.8 22.7  5.6  5.  17.9 15.2 12.9 15.6 13.1 14.5  6.4  6.9  6.3  6.8
 32.1 19.8 21.  35.2 19.5 26.5 16.6 45.4 24.9 21.6 16.9 18.9  6.1 17.4
 19.2  5.9  5.7 16.5  6.5 10.2 11.4  5.1 13.7 25.5 24.8 19.1 14.8 19.4
 18.1 20.3 13.5 15.4 14.9 10.7 31.4  7.8 33.6 14.7 16.3 20.5 23.  18.4
 21.3 21.2 18.2  6.6  4.7 16.4 12.1 22.2 30.8 41.5 17.2  4.5  3.5  2.7
  4.1]
Feature:
 operatingRating
operatingRating
[83.5 45.3 43.5 89.9 49.8 27.2 30.9 44.5 49.9 63.6 68.4 32.7  0.  43.6
 44.9 53.1 28.8 45.9 35.1 43.2 74.7 84.6 82.8 27.  70.  87.  50.  99.6
 77.  66.  68.  65.  78.  60.  48.  43.  73.  45.  46.  51.  44.  71.
 61.  63.  58.  79.  84.9 91.  67.  96.  74.  76.6 52.2 42.2 41.2 50.3
 42.8 41.9 69.4 72.8 99.8 66.1 64.8 54.9 66.3 69.6 73.3 58.6 94.  65.6
 70.2 53.4 86.  68.2 77.9 79.9 25.4 61.4 53.2 95.7 51.3 80.  81.6 66.6
 72.1 45.2 61.3 46.6 63.7 45.7 99.1 90.5 90.8 68.1 82.4 73.5 83.3 84.4
 79.4 92.6 47.5 54.  51.5 50.7 44.4 51.8 67.4 46.4 49.1 46.3 45.6 35.7
 58.8 62.1 46.7 50.1 52.9 47.3 62.4 75.1 58.5 74.4 82.6 76.1 96.3 91.4
 70.1 91.8 54.5 53.7 62.2 50.2 49.4 52.5 63.2 56.6 43.9 42.9 49.7 40.7
 60.1 48.4 48.6 44.6 55.2 88.3 55.1 55.4 48.3 55.7 51.4 48.2 47.  55.8
 56.3 78.9 79.2 83.9 60.4 72.7 55.5 54.7 46.2 90.6 86.9 90.1 93.1 88.5
 76.7 88.2 68.9 84.7 73.8 99.  79.8 76.2 57.5 90.  67.1 40.8 43.1 39.2
 42.5 35.9 49.  40.9 92.3 58.1 53.6 64.7 57.2 65.3 93.4 49.6 86.5 77.6
 97.3 37.2 59.4 85.4 82.  75.8 50.4 22.5 -1.  36.  24.3 31.5 25.2 71.1
 33.3 39.6 26.1 11.7 32.4 30.6 23.4 53.9 65.4 72.4 61.2 66.9 98.9 57.6
 65.8 57.8 80.3 70.9 77.1 89.8 59.1 86.2 36.3 45.5 47.8 44.3 40.1 47.7
 78.4 77.4 10.  43.8 44.7 47.1 33.8 46.5 83.4 90.7 38.9 83.6 83.2 18.3
 29.4 23.2 28.2 43.3 38.4 24.2 39.4 35.3 40.2 50.5 30.8 38.6 37.6 47.4
 61.7 92.8 94.7 68.6 22.6 29.7 57.7 42.1 68.7 79.5 69.  26.  35.8 69.2
 47.2 98.   6.5 75.  50.9 70.7 52.7 56.5 82.9 50.6 60.9 76.3 63.4 99.9
  4.9 61.1 18.  89.5 59.  76.4 51.9 41.6 64.9 92.4 52.4 45.1 72.5 39.8
 39.3 89.6 77.7 38.2 23.8 79.6 39.7 34.  61.6 62.7 33.1 51.7 35.2 43.4
 41.5 46.9 81.  85.6 14.2 17.2 20.1 14.5 64.3 75.7 25.6 48.7 59.6 66.8
 27.3 58.3 54.2 45.4 81.3 85.7 92.5 69.9 86.4 28.9 38.7 65.1 62.5 70.5
 63.8 61.5 60.3 77.2 64.2 85.2 93.2 71.2 83.7 13.1 21.7 22.9 52.6 44.1
 59.3  8.3  9.8 56.2 62.  34.5 40.6 41.3 19.9 35.5 36.7 38.3 46.1 42.
 37.9 41.8 34.8 42.4 44.2 71.5 42.3 94.5 40.3 69.7 98.4 59.9 71.8 84.1
 52.3 55.3 77.8 58.4 64.  85.9 57.3 63.3 49.5 57.  81.8 65.5 96.2 56.
 99.4 29.  34.9 41.  56.8 54.3 53.5 67.9 73.6 82.5 89.2 27.4 28.1 38.8
 80.4 52.  78.7 95.8 80.8 63.1 48.5 51.6 66.4 72.  72.3 53.3 67.3 96.8
 74.9 89.1 75.4 83.8 88.8 74.5 24.5  8.2 20.5 38.5 86.1 66.2  4.5 60.6
 94.9 52.1 34.1 62.9 67.6 59.8 67.8 98.1 96.6 72.2 58.9 73.1 91.1 84.2
 75.3 63.5 69.1 54.1 74.1 79.3 74.3 80.5 42.6 60.7 51.1 37.8 94.1 98.6
 82.3 71.7 20.9 55.  48.8 26.6 80.9  3.9 19.1 57.4 64.5 33.4 33.  57.9
 75.9 54.6 76.5 40.5 87.7 83.  66.5 91.6 16.3 67.5 27.9 21.2 37.1 41.4
 24.7 99.3 34.6 25.1 22.7 23.3 38.1 29.1 30.  94.4 88.7 31.8 21.9  9.7
 25.5 39.  54.4 78.2 35.6 74.6 94.3 37.  37.7 65.2 87.8 21.5 31.7 39.9
 55.6  7.5 68.3  7.3 54.8 25.7 79.7 23.7 15.3 36.6 37.5 21.8 83.1 20.6
 37.4 33.6 16.  78.5 92.1 93.9 41.1 31.  11.4 43.7 47.6 80.7 80.6 89.
 29.8 90.4 15.7 21.6 16.6 72.6 36.8 60.8 61.9 76.9 92.9 25.8 27.8 55.9
 36.9 32.  44.8 77.5 39.5 29.6 90.2 48.1 32.8 26.3 30.4 40.4 71.4 28.4
 91.3 30.5 15.2 29.9 12.1 33.9 34.4 35.4 64.6 56.1 36.2 33.5 32.9 36.1
 22.8 46.8 19.6 15.  27.1 29.2 30.2 58.7 32.3 84.3 36.4 47.9 56.9 50.8
 97.2 34.3 80.2 42.7 74.8 89.3 97.  70.4 26.5 12.6  7.8 18.8 81.4 81.2
 81.9 31.1 33.7 20.  38.  24.1 85.1 32.2 32.6 53.8 41.7 60.2 86.7 87.5
 40.  84.  49.3 90.9 82.1 62.3 28.7 49.2 45.8 76.8 75.6 87.3 97.6 93.7
 24.8 88.  21.1 32.5 53.  59.2 23.6 81.1 64.1 30.7 52.8 31.4 57.1 20.2
 59.5 56.4 94.2 72.9 22.2 18.9 26.8 22.  69.8 77.3 78.1 34.2 97.5 96.9
 93.6 87.4 93.3 33.2 13.6 25.  36.5 62.8 26.4 14.3 31.2 30.1 10.9 28.5
 17.8  8.  14.  15.8  8.4 56.7 51.2 19.2 10.5 39.1 13.7 17.7 12.2 48.9
 24.  98.3 26.2 14.7 28.6 11.8 18.1 10.1  9.1 28.  12.7 17.3 16.1 13.2
 81.5 20.8 21.4 20.4 10.4 17.1 17.6 25.9 10.8  9.6 25.3  6.3 14.6 19.8
  8.8 11.2 29.5  8.5  7.7 27.6 23.9 31.3 62.6 13.4 16.7  6.9 26.9 11.9
  6.2  6.7 18.5 11.3  1.9  9.  68.5 13.9 27.7 23.5 24.6 12.9 19.3 26.7]
Feature:
 scourCriticalBridges
scourCriticalBridges
['8' '6' '5' '3' '4' '2' '9' '7' '1']
Feature:
 lanesOnStructure
lanesOnStructure
[2 1 4 5 3 6 8]

 Optimal number of cluster (Elbow Coefficient):  3

 Centroids:  [[7.10765732e-03 8.15011372e-03 3.46944695e-17]
 [5.37500000e-01 5.00000000e-01 3.06250000e-01]
 [9.33333333e-02 4.22222222e-02 5.08888889e-01]]

 Number of members in cluster: Counter({0: 5276, 2: 225, 1: 80})

ANOVA: 
                 Attribute     sum_sq   df           F       p-value
0   supNumberIntervention  12.543750  2.0  290.390110  1.820714e-64
1   subNumberIntervention  11.127083  2.0  425.770938  3.479604e-79
2  deckNumberIntervention  10.402083  2.0  246.837922  1.138403e-58

Tukey's : 

Multiple Comparison of Means - Tukey HSD, FWER=0.05
===================================================
group1 group2 meandiff p-adj  lower   upper  reject
---------------------------------------------------
     0      1    0.525 0.001  0.4702  0.5798   True
     0      2   0.0938 0.001  0.0389  0.1486   True
     1      2  -0.4312 0.001 -0.4861 -0.3764   True
---------------------------------------------------


Multiple Comparison of Means - Tukey HSD, FWER=0.05 
====================================================
group1 group2 meandiff p-adj   lower   upper  reject
----------------------------------------------------
     0      1   0.4688  0.001  0.4261  0.5114   True
     0      2    0.025 0.3522 -0.0176  0.0676  False
     1      2  -0.4438  0.001 -0.4864 -0.4011   True
----------------------------------------------------


Multiple Comparison of Means - Tukey HSD, FWER=0.05
=================================================
group1 group2 meandiff p-adj lower  upper  reject
-------------------------------------------------
     0      1   0.3062 0.001 0.2521 0.3604   True
     0      2   0.5062 0.001 0.4521 0.5604   True
     1      2      0.2 0.001 0.1459 0.2541   True
-------------------------------------------------


Cluster:  1
Mean Median Maximums Minimums StdDev  
=====================================
0.54 0.50   1.00     0.00     0.54
0.50 0.50   1.00     0.00     0.50
0.31 0.50   1.00     0.00     0.31


Cluster:  0
Mean Median Maximums Minimums StdDev  
=====================================
0.01 0.00   0.50     0.00     0.01
0.01 0.00   0.50     0.00     0.01
0.00 0.00   0.00     0.00     0.00


Cluster:  2
Mean Median Maximums Minimums StdDev  
=====================================
0.09 0.00   0.50     0.00     0.09
0.04 0.00   0.50     0.00     0.04
0.51 0.50   1.00     0.50     0.51


printing columns of X

deck
yearBuilt
superstructure
substructure
averageDailyTraffic
avgDailyTruckTraffic
material
designLoad
snowfall
freezethaw
latitude
longitude
skew
numberOfSpansInMainUnit
lengthOfMaximumSpan
structureLength
bridgeRoadwayWithCurbToCurb
operatingRating
scourCriticalBridges
lanesOnStructure
toll
designatedInspectionFrequency
deckStructureType
typeOfDesign

 Oversampling (SMOTE) ...

 Distribution of the clusters after oversampling:  Counter({1: 5276, 0: 5276, 2: 5276})


            -------------- Performance of Entropy ---------------
            


 Best Kappa Values:  0.8961092619086334

 Best Accuracy:  0.9493303753646316

 Best Depth:  27

 Classification Report: 
               precision    recall  f1-score   support

           0       0.95      0.93      0.94      1065
           1       0.96      0.97      0.97      1085
           2       0.93      0.95      0.94      1015

    accuracy                           0.95      3165
   macro avg       0.95      0.95      0.95      3165
weighted avg       0.95      0.95      0.95      3165


 Confusion Matrix: 
 [[ 989   23   53]
 [  15 1055   15]
 [  37   18  960]]

 Feature Importance: 
 {'snowfall': 0.0, 'freezethaw': 0.0, 'toll': 0.0, 'deckStructureType': 0.006731301128697645, 'lanesOnStructure': 0.007504728057377494, 'designatedInspectionFrequency': 0.008793608253917262, 'avgDailyTruckTraffic': 0.01381878285995987, 'skew': 0.013819083927080958, 'typeOfDesign': 0.016807182642814774, 'designLoad': 0.020207279265716582, 'yearBuilt': 0.02982100965061619, 'lengthOfMaximumSpan': 0.02992286962905919, 'structureLength': 0.030895610765887756, 'longitude': 0.031606303134634146, 'numberOfSpansInMainUnit': 0.03300096804501583, 'material': 0.03518309950180538, 'bridgeRoadwayWithCurbToCurb': 0.0450546741515959, 'averageDailyTraffic': 0.046175398417515834, 'latitude': 0.051872144029298455, 'operatingRating': 0.056080735224433916, 'scourCriticalBridges': 0.06825202677619852, 'substructure': 0.07257944986191886, 'superstructure': 0.15313000683171157, 'deck': 0.22874373784474386}


             ----------- Performance with GiniIndex ------------
             


 Best Kappa Values:  0.8866876637347544

 Best Accuracy:  0.9445288257243482

 Best Depth:  28

 Classification Report: 
               precision    recall  f1-score   support

           0       0.95      0.93      0.94      1065
           1       0.96      0.97      0.97      1085
           2       0.92      0.94      0.93      1015

    accuracy                           0.95      3165
   macro avg       0.94      0.94      0.94      3165
weighted avg       0.95      0.95      0.95      3165


 Confusion Matrix: 
 [[ 987   23   55]
 [  13 1049   23]
 [  44   16  955]]

 Feature Importance: 
 {'snowfall': 0.0, 'freezethaw': 0.0, 'toll': 0.0, 'deckStructureType': 0.006731301128697645, 'lanesOnStructure': 0.007504728057377494, 'designatedInspectionFrequency': 0.008793608253917262, 'avgDailyTruckTraffic': 0.01381878285995987, 'skew': 0.013819083927080958, 'typeOfDesign': 0.016807182642814774, 'designLoad': 0.020207279265716582, 'yearBuilt': 0.02982100965061619, 'lengthOfMaximumSpan': 0.02992286962905919, 'structureLength': 0.030895610765887756, 'longitude': 0.031606303134634146, 'numberOfSpansInMainUnit': 0.03300096804501583, 'material': 0.03518309950180538, 'bridgeRoadwayWithCurbToCurb': 0.0450546741515959, 'averageDailyTraffic': 0.046175398417515834, 'latitude': 0.051872144029298455, 'operatingRating': 0.056080735224433916, 'scourCriticalBridges': 0.06825202677619852, 'substructure': 0.07257944986191886, 'superstructure': 0.15313000683171157, 'deck': 0.22874373784474386}

 Saving decision trees 


 Plotting decision trees 

