
 state:  kansas_deep
Feature:
 deck
deck
['5' '6' '7' '8' '4' '9' '3' '2' '0' '1']
Feature:
 yearBuilt
yearBuilt
[1970 1960 1985 1984 1987 1989 1980 1975 1976 1983 1988 1990 1992 1993
 1994 1982 1997 1999 2000 2004 1971 1961 1948 1932 2006 1953 1978 1924
 1949 1930 1958 1935 1951 1955 1966 2001 1940 1956 1981 1931 1910 1962
 1936 1954 1969 1941 1967 1934 1937 1964 1959 1974 1968 1939 1928 1957
 1920 1950 2005 1995 1925 1922 1917 2003 1945 1963 1977 1979 2007 1996
 1972 1952 1965 1933 1938 1929 1973 1986 1923 1927 1998 2002 1991 1926
 1900 1914 1942 1887 1915 1947 2009 1946 1921 1908 1916 2008 1913 1912
 1901 1909 1907 1919 1944 1943 1918 1888 1902 1905 1911 1903 1886 1904
 1906 1890 1880 1896 1885 1891 1889]
Feature:
 superstructure
superstructure
['6' '7' '8' '4' '9' '5' '2' '3' '0' '1']
Feature:
 substructure
substructure
['5' '6' '4' '7' '8' '9' '3' '0' '1' '2']
Feature:
 averageDailyTraffic
averageDailyTraffic
[  100    50   150 ... 25150   960   414]
Feature:
 avgDailyTruckTraffic
avgDailyTruckTraffic
[15 10  1  5 20  2 -1  0 30 35  7 17  4  3  6 12 40 11 13 28  9  8 16 25
 33 19 18 14 26 31 29 37 60 80 50 90 75 39 24 21 22 56 48 36 23 42 44 27
 32 38 41 34 73 59 53 43 47 49 52 54 63 76 57 71 45]
Feature:
 supNumberIntervention
supNumberIntervention
[0. 1. 2. 3.]
Feature:
 subNumberIntervention
subNumberIntervention
[0. 1. 2. 3.]
Feature:
 deckNumberIntervention
deckNumberIntervention
[0. 1. 2. 3.]
Feature:
 latitude
latitude
[39414650 39404548 39404630 ... 37585020 37565800 37552353]
Feature:
 longitude
longitude
[95394548 95425172 95425020 ... 95240100 95241500 95253879]
Feature:
 skew
skew
[ 0 53 30 16 45 20 19 35 25 32 12 33 27 15 40 22 10 57  7 50 60 14 24  5
 17 34 42 18 37 36 23  6 59 11 29 26  8 38 55  9 13 39 46  3 65 58 52 31
 21 28 48 41 99  1  4  2 67 43]
Feature:
 numberOfSpansInMainUnit
numberOfSpansInMainUnit
[  1   3   4   5   6   2   7   8   9  10  14  12  21  11  13  17  15  25
  20  18  33   0  23  31  28  40  27  26 203 196  19  16]
Feature:
 lengthOfMaximumSpan
lengthOfMaximumSpan
[2.100e+01 1.810e+01 2.130e+01 1.340e+01 1.770e+01 1.520e+01 1.750e+01
 1.330e+01 1.040e+01 1.220e+01 1.100e+01 6.900e+00 1.890e+01 1.280e+01
 2.260e+01 1.350e+01 1.510e+01 2.140e+01 2.200e+01 1.670e+01 4.800e+00
 1.470e+01 1.590e+01 1.680e+01 1.490e+01 2.120e+01 1.370e+01 2.560e+01
 1.160e+01 1.400e+01 3.660e+01 2.020e+01 1.010e+01 1.580e+01 2.190e+01
 1.920e+01 9.100e+00 1.830e+01 3.000e+00 1.310e+01 1.550e+01 3.400e+00
 1.800e+01 1.460e+01 2.400e+00 1.740e+01 9.800e+00 2.500e+01 1.710e+01
 1.190e+01 4.000e+00 9.400e+00 6.400e+00 2.350e+01 2.770e+01 3.960e+01
 7.600e+00 6.100e+00 2.650e+01 1.070e+01 2.740e+01 2.320e+01 2.160e+01
 7.300e+00 6.700e+00 2.590e+01 4.600e+00 5.200e+00 3.350e+01 2.380e+01
 1.320e+01 2.870e+01 7.900e+00 1.760e+01 2.700e+01 1.430e+01 2.620e+01
 2.440e+01 8.500e+00 5.800e+00 1.050e+01 1.130e+01 8.200e+00 2.230e+01
 1.620e+01 2.070e+01 8.800e+00 7.000e+00 2.290e+01 4.570e+01 4.020e+01
 6.000e-01 5.500e+00 3.810e+01 1.980e+01 4.300e+00 0.000e+00 1.650e+01
 2.410e+01 1.880e+01 2.010e+01 3.050e+01 3.630e+01 2.040e+01 1.860e+01
 1.950e+01 4.910e+01 2.700e+00 3.300e+01 3.170e+01 2.900e+01 3.080e+01
 4.270e+01 3.380e+01 3.900e+01 3.410e+01 3.000e+01 2.930e+01 1.200e+01
 6.100e+01 1.250e+01 3.200e+01 3.700e+00 9.700e+00 2.800e+01 3.290e+01
 4.880e+01 4.900e+00 2.100e+00 3.470e+01 1.110e+01 2.000e+01 2.710e+01
 6.220e+01 1.080e+01 3.870e+01 5.970e+01 5.210e+01 1.600e+01 2.990e+01
 2.530e+01 3.840e+01 3.440e+01 6.800e+00 9.000e+00 5.180e+01 7.800e+00
 8.700e+00 2.680e+01 3.110e+01 1.850e+01 1.720e+01 3.510e+01 1.300e+01
 1.000e+01 5.610e+01 3.140e+01 2.830e+01 3.570e+01 3.260e+01 5.490e+01
 1.240e+01 1.960e+01 1.700e+01 3.540e+01 7.500e+00 3.230e+01 4.150e+01
 1.800e+00 3.020e+01 4.110e+01 4.940e+01 7.320e+01 1.210e+01 3.320e+01
 4.820e+01 2.600e+01 7.680e+01 9.200e+00 2.960e+01 1.150e+01 3.690e+01
 3.720e+01 1.500e+01 3.760e+01 1.500e+00 2.820e+01 2.900e+00 4.400e+00
 8.600e+00 1.060e+01 7.100e+00 4.700e+00 3.500e+01 2.720e+01 5.330e+01
 4.510e+01 3.600e+01 9.600e+00 1.390e+01 3.780e+01 1.180e+01 1.780e+01
 8.900e+00 2.390e+01 2.240e+01 1.480e+01 1.170e+01 6.300e+00 8.100e+00
 1.020e+01 1.360e+01 8.300e+00 1.140e+01 9.500e+00 5.120e+01 1.554e+02
 5.000e+00 9.900e+00 6.200e+00 6.000e+00 7.700e+00 1.450e+01 6.600e+00
 1.230e+01 1.260e+01 2.150e+01 6.710e+01 7.200e+00 1.030e+01 1.270e+01
 3.030e+01 1.090e+01 4.210e+01 6.550e+01 1.120e+01 1.660e+01 8.400e+00
 2.470e+01 1.790e+01 9.300e+00 1.840e+01 7.400e+00 1.000e-01 4.850e+01
 9.300e+01 6.500e+00 1.570e+01 1.690e+01 1.540e+01 9.750e+01 3.910e+01
 3.600e+00 1.410e+01 1.990e+01 5.900e+00 5.600e+00 3.500e+00 3.800e+00
 5.100e+00 5.300e+00 5.400e+00 7.280e+01 2.090e+01 2.400e+01 6.010e+01
 8.780e+01 7.620e+01 9.810e+01 6.610e+01 4.390e+01 6.400e+01 6.370e+01
 6.500e+01 3.340e+01 3.100e+00 1.970e+01 7.070e+01 1.290e+01 2.030e+01
 2.060e+01 1.910e+01 3.100e+01 2.210e+01 5.640e+01 2.170e+01 4.800e+01
 5.500e+01 2.860e+01 5.000e+01 9.140e+01 7.010e+01 2.340e+01 3.370e+01
 4.600e+01 3.210e+01 3.190e+01 1.560e+01 5.850e+01 6.200e+01 1.820e+01
 2.920e+01 4.690e+01 4.050e+01 4.300e+01 1.640e+01 5.030e+01 4.420e+01
 4.500e+01 1.447e+02 2.520e+01 5.240e+01 2.610e+01 1.293e+02 2.550e+01
 1.870e+01 2.360e+01 9.270e+01 5.800e+01 4.400e+01 4.750e+01 5.700e+01
 1.280e+02 2.630e+01 2.850e+01 2.050e+01 4.340e+01 4.680e+01 4.630e+01
 3.250e+01 2.460e+01 4.660e+01 3.090e+01 7.200e+01 3.800e+01 3.750e+01
 1.018e+02 3.790e+01 1.730e+01 4.100e+00 2.580e+01 2.300e+01 2.970e+01
 2.510e+01 2.640e+01 1.295e+02 8.080e+01]
Feature:
 structureLength
structureLength
[ 21.5  18.6  18.3 ...  43.8 293.8 197.5]
Feature:
 bridgeRoadwayWithCurbToCurb
bridgeRoadwayWithCurbToCurb
[ 8.5  8.   8.4  8.6  7.3  7.4  7.9  9.2  6.7  6.1  5.8  6.6  7.8  7.5
  6.2  7.2  4.6  7.6  8.1  5.2  8.7 12.3  9.1  8.2 12.8  5.3  6.   8.8
  5.9  7.7  9.   5.5  5.   5.6  7.1  9.8 10.6 13.4  6.3  6.4  4.3  8.3
 14.6  5.1  5.7  4.9  9.6  9.9  7.  10.7  6.9 11.  11.3 12.2  6.8 10.
  4.4 10.4 11.6  9.5  9.4  6.5 12.   9.3  9.7  4.  12.6 20.7 14.  15.8
 13.5 21.9 15.9 13.1 21.3 19.5 16.  14.8  8.9  3.7  4.1  3.5  3.8  4.7
  4.2  4.5  4.8  5.4  3.9  3.4 15.2 10.8 13.9 23.2 10.5  3.2  3.   3.6
 10.3 10.1 16.6 11.1 13.7 18.6 17.1 18.3  3.3 13.  12.1 12.5 14.5 15.5
 16.5 27.4 14.2 12.9 24.1 22.6 16.2 28.  36.6 14.3 17.7 15.  18.  18.2
 15.4 15.7 11.8 16.4 19.  22.  20.  15.6 23.4 16.8 14.9 31.7 23.3 25.
 18.4 21.  14.7 17.2 17.3 13.2 11.5 21.6 11.9 20.1 20.2 19.8 22.9 19.7
 16.9 19.1 18.9 20.9 13.3 25.6 14.1 17.4 11.7 12.7 40.  15.3 25.3 17.
 16.1 23.8 22.3 23.1 21.4 20.6 28.5 28.1  2.7  2.8]
Feature:
 operatingRating
operatingRating
[30.2 30.9 44.1 41.4 47.  46.9 84.6 46.8 59.2 47.2 54.9 68.  65.1  0.
 26.1 18.9 55.3 34.2 70.7 23.4 48.6 14.4 37.8 27.  27.2 24.5 45.9 27.9
 55.8 32.4 31.5 40.5 36.  64.4 57.6 29.7 36.9 24.3 30.6 21.6 20.9 56.2
 22.5 25.2 38.7 43.2 35.1 54.  53.1 28.8 63.9 45.  25.4  8.1 53.5 19.8
 11.7 20.7 62.  47.7 77.4 13.5 18.  90.2 50.8 72.  62.1 33.3 49.5 51.2
 99.9 86.4 74.7 59.4 65.7 58.5 60.3 17.1 22.7 16.2 70.2 56.7 12.6 39.6
 51.3 52.1 66.6 67.5 54.5 28.7 37.6 27.4 34.4 32.7 74.9 28.  34.  37.1
 37.5 79.3 56.6 47.5 25.3 53.7 41.5 31.6 34.6 29.8 60.  51.4 26.5 28.2
 38.5 41.9 36.8 30.5 57.1 55.  21.9 42.8 50.4 33.5 31.4 46.5 56.  75.8
 76.5 42.3 79.8 64.8 43.5 73.5  9.9 61.2 68.4 15.3 82.8 39.9 34.5 18.1
 21.8 19.1 48.1 14.5 45.4 52.2 54.4 16.3 72.5 59.7 78.4 63.  73.8 79.2
 59.9 38.1  8.4 69.7 75.7 82.3 89.8 26.3 23.6 36.3 33.6 42.6 30.8 51.7
 29.  62.6 72.4 68.8 75.3 41.7 49.9 69.8 66.  51.  65.3 40.8 52.6 51.6
 51.9 58.  37.2 31.7 23.  79.9 78.3  7.2 78.5 81.9 63.5 40.1 20.  39.
  7.3 17.2 57.8 13.3 10.8 49.  46.3 69.9 69.3 64.9 66.2 74.5 75.1 72.9
 61.7 29.9 35.4  9.1 15.4 76.3 60.9 54.1 77.6 97.5 25.5 15.9 45.6 60.1
 43.3 17.5 20.8 19.  61.1 25.6 55.5 49.7 99.  71.1 86.  78.9 41.8 74.4
 35.6 36.2 33.4 48.2 49.3 44.3 45.3 18.2 59.5 53.4 87.3 41.   4.5  9.
 62.9 50.1 76.4 33.7 32.6 59.  13.6 54.3 28.1 40.  92.  48.  61.  33.
 93.  98.   7.  37.  43.  52.  42.  24.  69.  38.  46.  13.  21.  90.
 32.  31.  78.  85.  88.9 76.1 77.1 71.7 31.8 68.6 93.4 21.4 74.1 47.4
 18.4 60.8 44.5 75.6 59.1 86.8 33.1 81.4 61.4 82.  70.5 12.7 11.8 81.6
 18.3 72.6 68.9 70.8 90.6 85.3 80.5 81.3 19.4 19.3 26.9 44.4 49.8 48.9
 35.3 69.1 49.2 27.1 90.8 89.1 43.6 32.8 39.1 81.7 59.8 70.4 46.2 33.8
 60.7 65.4 73.3 58.9 77.5 69.2 52.3 53.6 57.  58.6 38.2 38.4 87.  65.2
 10.  10.9 87.7 82.6 76.2 24.6 74.  75.5 82.2 20.3  6.3 67.1 25.8 68.1
 57.2 62.7 87.1 22.8 47.9 77.7 12.3  5.4 32.1 39.2 96.4 15.8 20.2 12.4
 12.2  2.7 58.1 69.5 16.4 31.9 50.  80.1 34.7 52.5 51.8 37.3 26.4 34.8
  8.2 22.1 24.1 23.5 11.1 43.8 71.8 27.3 35.5 35.   7.9 60.5 29.1 53.3
 64.5 27.5 73.2 30.  31.3 19.6 71.   5.9 50.9 11.5 52.7  8.  46.4 13.1
 29.5 11.  36.7 41.1 39.3 26.2 29.2 32.3 19.9 16.8 31.1 25.7 48.5 30.3
 17.  40.9 75.4 67.9 81.  45.2  6.4 23.9 65.9  3.6 11.3 66.9 29.6 83.6
 57.5 55.7 13.2 56.1 76.9 71.2 66.3 61.3 45.5 55.4 48.3 53.2 49.4 53.
 68.3 52.4 73.  75.9 25.9 17.3 26.6  9.5 52.8 48.4 28.5 35.7  4.  62.4
 54.7 40.3 14.7 58.2 57.9 80.  21.3 18.8 25.  39.5 38.6 37.9 43.7 60.6
 38.8 21.1 40.6 30.4 38.9 66.8 50.6 53.9 14.2 65.5 65.  40.4 42.5 20.5
 61.5 17.8 71.9 47.8 43.9 22.   8.3 19.5  7.8 19.7 26.8  4.4 85.2 11.6
 14.1 45.7 41.2 67.3 22.4 22.3 33.9 67.  58.4 20.4 67.8 80.9 73.6 27.6
 13.8 13.4 18.5 70.1 15.5  4.6 18.6 16.7 61.8 15.2 80.7 13.7 47.3 16.
 82.7 18.7 20.1 15.  70.  23.7 56.8 58.7  0.1 10.4 57.4 88.2 87.8 10.6
 24.7 48.7 10.7 46.7 83.5 42.7 95.  76.  44.  62.8 36.6 26.  88.  12.
 71.5 83.7 63.7 77.3 93.6 55.1 37.4 81.2 75.2 17.4 29.3 75.  43.4 54.2
 85.4 15.1 90.7 62.5 47.6 34.1 84.8 92.5 44.9 28.4 17.7  5.   4.1 49.1
 72.2 55.9 46.1 32.9 70.6 11.4  9.4  5.7 32.2 63.4 85.5 99.3 64.1 94.3
 91.6 67.7 85.7 79.  57.7 19.2 47.1 21.2 36.5  7.4 44.2 24.2 44.6 28.6
 56.3 25.1  6.6 67.2 31.2 14.8 40.7 51.1 60.4 41.6 44.7 81.8 45.1 88.1
 67.6 17.9 71.3 23.1 61.9 71.4 89.5 14.6 69.6 59.6 39.4 86.2 84.4 42.4
 80.2 41.3 88.4 49.6 58.3 55.2 95.6 54.6 66.1 85.9 63.2 83.8 91.4 60.2
 36.1 78.2 74.6 40.2 12.8 72.1 54.8 97.4 97.8 34.3 14.3 12.5 96.7 28.9
 52.9 55.6 45.8 68.2 39.7 67.4 56.4 46.6 36.4 35.8 29.4 42.9 66.5 44.8
 53.8 24.9 68.7 56.5 50.7 24.8 21.5 50.3 65.8 79.4 50.5 38.3 59.3 61.6
 42.2 57.3 37.7 50.2 35.2 26.7 27.7 30.7 91.  21.7]
Feature:
 scourCriticalBridges
scourCriticalBridges
['6' '2' '5' '8' '7' '4' '9' '3' '0' '1']
Feature:
 lanesOnStructure
lanesOnStructure
[ 2  1  4  3  7  6  8  5 10]

 Optimal number of cluster (Elbow Coefficient):  3

 Centroids:  [[ 5.40242558e-02  3.42521132e-01  5.29217200e-02]
 [ 8.68393832e-03 -1.52655666e-16  1.53231820e-02]
 [ 3.46746150e-01  2.06159960e-01  3.48733234e-01]]

 Number of members in cluster: Counter({1: 13857, 0: 907, 2: 671})

ANOVA: 
                 Attribute     sum_sq   df            F  p-value
0   supNumberIntervention  45.999779  2.0  2499.522177      0.0
1   subNumberIntervention  39.950654  2.0  1867.122869      0.0
2  deckNumberIntervention  45.131975  2.0  2180.606939      0.0

Tukey's : 

Multiple Comparison of Means - Tukey HSD, FWER=0.05
==================================================
group1 group2 meandiff p-adj lower   upper  reject
--------------------------------------------------
     0      1  -0.0437 0.001 -0.056 -0.0314   True
     0      2   0.2966 0.001 0.2843  0.3089   True
     1      2   0.3403 0.001  0.328  0.3526   True
--------------------------------------------------


Multiple Comparison of Means - Tukey HSD, FWER=0.05
===================================================
group1 group2 meandiff p-adj  lower   upper  reject
---------------------------------------------------
     0      1  -0.3433 0.001 -0.3565   -0.33   True
     0      2  -0.1411 0.001 -0.1543 -0.1278   True
     1      2   0.2022 0.001  0.1889  0.2154   True
---------------------------------------------------


Multiple Comparison of Means - Tukey HSD, FWER=0.05
===================================================
group1 group2 meandiff p-adj  lower   upper  reject
---------------------------------------------------
     0      1  -0.0378 0.001 -0.0508 -0.0247   True
     0      2   0.2971 0.001   0.284  0.3101   True
     1      2   0.3348 0.001  0.3218  0.3478   True
---------------------------------------------------


Cluster:  1
Mean Median Maximums Minimums StdDev  
=====================================
0.01 0.00   0.33     0.00     0.01
0.00 0.00   0.00     0.00     0.00
0.02 0.00   0.33     0.00     0.02


Cluster:  0
Mean Median Maximums Minimums StdDev  
=====================================
0.05 0.00   0.33     0.00     0.05
0.34 0.33   1.00     0.33     0.34
0.05 0.00   0.33     0.00     0.05


Cluster:  2
Mean Median Maximums Minimums StdDev  
=====================================
0.35 0.33   1.00     0.00     0.35
0.21 0.33   1.00     0.00     0.21
0.35 0.33   1.00     0.00     0.35


printing columns of X

deck
yearBuilt
superstructure
substructure
averageDailyTraffic
avgDailyTruckTraffic
material
designLoad
snowfall
freezethaw
latitude
longitude
skew
numberOfSpansInMainUnit
lengthOfMaximumSpan
structureLength
bridgeRoadwayWithCurbToCurb
operatingRating
scourCriticalBridges
lanesOnStructure
toll
designatedInspectionFrequency
deckStructureType
typeOfDesign

 Oversampling (SMOTE) ...

 Distribution of the clusters after oversampling:  Counter({1: 13857, 0: 13857, 2: 13857})


            -------------- Performance of Entropy ---------------
            


 Best Kappa Values:  0.8558401857666251

 Best Accuracy:  0.8943735588031462

 Best Depth:  23

 Classification Report: 
               precision    recall  f1-score   support

           0       0.89      0.90      0.90      2782
           1       0.91      0.89      0.90      2755
           2       0.91      0.92      0.91      2777

    accuracy                           0.90      8314
   macro avg       0.90      0.90      0.90      8314
weighted avg       0.90      0.90      0.90      8314


 Confusion Matrix: 
 [[2513  137  132]
 [ 180 2445  130]
 [ 134  102 2541]]

 Feature Importance: 
 {'snowfall': 0.0, 'freezethaw': 0.0, 'toll': 0.0009256703667337545, 'designatedInspectionFrequency': 0.006953889749317256, 'lanesOnStructure': 0.007864346305363697, 'designLoad': 0.011490750318668388, 'typeOfDesign': 0.012327171405021558, 'skew': 0.012593731956311438, 'deckStructureType': 0.013750703452446236, 'material': 0.018203959932835124, 'numberOfSpansInMainUnit': 0.022327798642173602, 'avgDailyTruckTraffic': 0.02538368337777433, 'bridgeRoadwayWithCurbToCurb': 0.029976474678064607, 'averageDailyTraffic': 0.031486660720346185, 'scourCriticalBridges': 0.03332491077606325, 'lengthOfMaximumSpan': 0.03760030124343973, 'yearBuilt': 0.04023767979023136, 'structureLength': 0.04351956365551926, 'operatingRating': 0.048070449285067124, 'longitude': 0.05928301609215336, 'latitude': 0.06661168324890743, 'superstructure': 0.07407707187332252, 'substructure': 0.16324818670685234, 'deck': 0.2407422964233875}


             ----------- Performance with GiniIndex ------------
             


 Best Kappa Values:  0.8453364051015655

 Best Accuracy:  0.8922084549443948

 Best Depth:  28

 Classification Report: 
               precision    recall  f1-score   support

           0       0.88      0.90      0.89      2782
           1       0.91      0.88      0.90      2755
           2       0.90      0.91      0.90      2777

    accuracy                           0.90      8314
   macro avg       0.90      0.90      0.90      8314
weighted avg       0.90      0.90      0.90      8314


 Confusion Matrix: 
 [[2508  132  142]
 [ 178 2433  144]
 [ 152  103 2522]]

 Feature Importance: 
 {'snowfall': 0.0, 'freezethaw': 0.0, 'toll': 0.0009256703667337545, 'designatedInspectionFrequency': 0.006953889749317256, 'lanesOnStructure': 0.007864346305363697, 'designLoad': 0.011490750318668388, 'typeOfDesign': 0.012327171405021558, 'skew': 0.012593731956311438, 'deckStructureType': 0.013750703452446236, 'material': 0.018203959932835124, 'numberOfSpansInMainUnit': 0.022327798642173602, 'avgDailyTruckTraffic': 0.02538368337777433, 'bridgeRoadwayWithCurbToCurb': 0.029976474678064607, 'averageDailyTraffic': 0.031486660720346185, 'scourCriticalBridges': 0.03332491077606325, 'lengthOfMaximumSpan': 0.03760030124343973, 'yearBuilt': 0.04023767979023136, 'structureLength': 0.04351956365551926, 'operatingRating': 0.048070449285067124, 'longitude': 0.05928301609215336, 'latitude': 0.06661168324890743, 'superstructure': 0.07407707187332252, 'substructure': 0.16324818670685234, 'deck': 0.2407422964233875}

 Saving decision trees 


 Plotting decision trees 

